BoneCount: 117
Name: hand_l
Index: 0
ParentIndex: 8
ChildCount: 6
57 58 54 56 51 102 
0.975837 0.064288 0.208829 0.000000 -0.207835 -0.021845 0.977920 0.000000 0.067431 -0.997692 -0.007956 -0.000000 0.223491 0.000000 0.000000 1.000000
0.510157 -0.790589 -0.338688 0.000000 -0.354178 0.165741 -0.920373 0.000000 0.783772 0.589490 -0.195455 -0.000000 0.525261 1.023035 -0.062322 1.000000
Name: hand_r
Index: 1
ParentIndex: 2
ChildCount: 6
77 79 75 78 72 103 
0.975837 0.064288 0.208828 0.000000 -0.207835 -0.021845 0.977920 0.000000 0.067430 -0.997692 -0.007955 -0.000000 -0.223493 -0.000000 -0.000000 1.000000
0.510157 -0.790588 -0.338688 0.000000 0.354178 -0.165742 0.920373 0.000000 -0.783772 -0.589490 0.195455 -0.000000 -0.525260 -1.023036 0.062322 1.000000
Name: lowerarm_r
Index: 2
ParentIndex: 3
ChildCount: 3
1 73 74 
0.879497 -0.474359 0.038319 0.000000 0.475904 0.876642 -0.070815 0.000000 -0.000000 0.080518 0.996753 -0.000000 -0.266515 -0.000000 -0.000000 1.000000
0.639304 0.387974 -0.663903 0.000000 0.442128 -0.891860 -0.095442 0.000000 -0.629137 -0.232514 -0.741704 -0.000000 -0.519235 -0.073598 -1.110633 1.000000
Name: upperarm_r
Index: 3
ParentIndex: 32
ChildCount: 4
2 34 35 49 
0.790608 -0.002082 0.612319 0.000000 0.031341 0.998821 -0.037071 0.000000 -0.611520 0.048499 0.789741 -0.000000 -0.155111 0.000000 0.000000 1.000000
0.746904 -0.016601 -0.664724 0.000000 -0.035589 -0.999254 -0.015033 0.000000 -0.663978 0.034885 -0.746938 -0.000000 -0.758206 0.092359 -1.121711 1.000000
Name: pelvis
Index: 4
ParentIndex: 100
ChildCount: 3
7 29 13 
-0.000000 -0.035822 -0.999358 0.000000 -0.000000 0.999358 -0.035822 0.000000 1.000000 -0.000000 -0.000000 -0.000000 0.000000 0.007071 -0.931191 1.000000
0.000000 0.000000 1.000000 0.000000 -0.035822 0.999358 0.000000 0.000000 -0.999358 -0.035822 0.000000 -0.000000 -0.930340 -0.040424 0.000000 1.000000
Name: spine_02
Index: 5
ParentIndex: 7
ChildCount: 1
39 
0.998871 0.047502 -0.000000 0.000000 -0.047502 0.998871 -0.000000 0.000000 -0.000000 0.000000 1.000000 -0.000000 0.072517 0.000350 0.000000 1.000000
0.000000 0.000000 1.000000 0.000000 0.079688 0.996820 -0.000000 0.000000 -0.996820 0.079688 0.000000 -0.000000 -1.069026 0.071691 0.000000 1.000000
Name: dyn_chest
Index: 6
ParentIndex: 31
ChildCount: 0
1.000000 0.000000 -0.000000 0.000000 0.000000 1.000000 -0.000000 0.000000 -0.000000 -0.000000 1.000000 -0.000000 0.000000 0.000000 -0.000000 1.000000
0.000000 0.000001 1.000000 0.000000 0.080135 0.996784 -0.000001 0.000000 -0.996784 0.080135 -0.000000 -0.000000 -1.310232 0.069525 -0.000000 1.000000
Name: spine_01
Index: 7
ParentIndex: 4
ChildCount: 1
5 
0.997683 0.068030 -0.000000 0.000000 -0.068030 0.997683 -0.000000 0.000000 -0.000000 0.000000 1.000000 -0.000000 0.067494 0.006388 0.000000 1.000000
0.000000 0.000000 1.000000 0.000000 0.032247 0.999480 -0.000000 0.000000 -0.999480 0.032247 -0.000000 -0.000000 -0.998707 0.021180 -0.000000 1.000000
Name: lowerarm_l
Index: 8
ParentIndex: 9
ChildCount: 3
0 52 53 
0.879497 -0.474359 0.038319 0.000000 0.475904 0.876642 -0.070815 0.000000 -0.000000 0.080517 0.996753 -0.000000 0.266514 0.000000 -0.000000 1.000000
0.639304 0.387974 -0.663902 0.000000 -0.442128 0.891859 0.095442 0.000000 0.629137 0.232514 0.741704 -0.000000 0.519235 0.073598 1.110632 1.000000
Name: upperarm_l
Index: 9
ParentIndex: 36
ChildCount: 4
8 20 38 50 
0.790608 -0.002082 0.612319 0.000000 0.031341 0.998821 -0.037071 0.000000 -0.611520 0.048499 0.789741 -0.000000 0.155111 0.000000 -0.000000 1.000000
0.746904 -0.016601 -0.664724 0.000000 0.035589 0.999254 0.015033 0.000000 0.663978 -0.034885 0.746938 -0.000000 0.758205 -0.092359 1.121711 1.000000
Name: dyn_arm_r_scale1
Index: 10
ParentIndex: 35
ChildCount: 0
1.000000 0.000000 -0.000000 0.000000 0.000000 1.000000 -0.000000 0.000000 -0.000000 -0.000000 1.000000 -0.000000 0.000000 0.068500 -0.000000 1.000000
0.746904 -0.016601 -0.664724 0.000000 -0.035589 -0.999253 -0.015033 0.000000 -0.663978 0.034885 -0.746938 -0.000000 -0.620264 0.023859 -1.121711 1.000000
Name: dyn_arm_l_scale1
Index: 11
ParentIndex: 38
ChildCount: 0
1.000000 0.000000 -0.000000 0.000000 0.000000 1.000000 -0.000000 0.000000 -0.000000 -0.000000 1.000000 -0.000000 -0.000000 -0.068495 -0.000000 1.000000
0.746904 -0.016601 -0.664724 0.000000 0.035589 0.999253 0.015033 0.000000 0.663979 -0.034885 0.746937 -0.000000 0.620264 -0.023864 1.121710 1.000000
Name: calf_r
Index: 12
ParentIndex: 13
ChildCount: 3
27 19 25 
0.996434 -0.078014 0.032151 0.000000 0.078055 0.996949 -0.000025 0.000000 -0.032051 0.002534 0.999483 -0.000000 0.390483 0.000000 0.000000 1.000000
-0.081758 -0.009636 0.996606 0.000000 0.082853 -0.996558 -0.002838 0.000000 0.993203 0.082339 0.082275 -0.000000 0.503265 0.051406 0.164277 1.000000
Name: thigh_r
Index: 13
ParentIndex: 4
ChildCount: 3
12 14 105 
-0.992987 -0.030729 -0.114160 0.000000 0.031012 -0.999519 -0.000702 0.000000 -0.114084 -0.004238 0.993462 -0.000000 -0.025694 0.000109 -0.077501 1.000000
-0.114160 -0.000702 0.993462 0.000000 0.004862 -0.999988 -0.000148 0.000000 0.993451 0.004813 0.114162 -0.000000 0.890701 0.012404 0.180371 1.000000
Name: thigh_twist_01_r
Index: 14
ParentIndex: 13
ChildCount: 0
1.000000 0.000000 -0.000000 0.000000 -0.000000 0.999997 -0.002535 0.000000 0.000000 0.002535 0.999997 -0.000000 0.216303 0.000000 -0.000000 1.000000
-0.114160 -0.003221 0.993457 0.000000 0.004862 -0.999985 -0.002683 0.000000 0.993450 0.004523 0.114174 -0.000000 0.674398 0.011947 0.180402 1.000000
Name: dyn_leg_bracer_r3
Index: 15
ParentIndex: 105
ChildCount: 0
1.000000 0.000000 0.000000 0.000000 -0.000000 0.999997 -0.002535 0.000000 -0.000000 0.002535 0.999997 -0.000000 -0.000000 0.075201 -0.003878 1.000000
-0.114160 -0.003221 0.993457 0.000000 0.004862 -0.999985 -0.002683 0.000000 0.993451 0.004523 0.114174 -0.000000 0.604099 -0.063264 0.184089 1.000000
Name: dyn_leg_bracer_r1
Index: 16
ParentIndex: 105
ChildCount: 0
1.000000 -0.000000 0.000000 0.000000 0.000000 0.999997 -0.002536 0.000000 -0.000000 0.002536 0.999997 -0.000000 0.000000 -0.000174 -0.068703 1.000000
-0.114160 -0.003221 0.993457 0.000000 0.004862 -0.999985 -0.002684 0.000000 0.993451 0.004523 0.114174 -0.000000 0.604098 0.011947 0.249105 1.000000
Name: dyn_leg_bracer_r2
Index: 17
ParentIndex: 105
ChildCount: 0
1.000000 -0.000000 -0.000000 0.000000 0.000000 0.999997 -0.002536 0.000000 0.000000 0.002536 0.999997 -0.000000 -0.000000 0.000158 0.062476 1.000000
-0.114160 -0.003221 0.993457 0.000000 0.004862 -0.999985 -0.002684 0.000000 0.993451 0.004523 0.114174 -0.000000 0.604099 0.011947 0.117925 1.000000
Name: dyn_leg_bracer_r4
Index: 18
ParentIndex: 105
ChildCount: 0
1.000000 -0.000000 0.000000 0.000000 0.000000 0.999997 -0.002536 0.000000 -0.000000 0.002536 0.999997 -0.000000 -0.000000 -0.071987 -0.003505 1.000000
-0.114160 -0.003221 0.993457 0.000000 0.004862 -0.999985 -0.002684 0.000000 0.993450 0.004523 0.114174 -0.000000 0.604099 0.083924 0.184089 1.000000
Name: calf_twist_02_r
Index: 19
ParentIndex: 12
ChildCount: 0
0.999793 -0.007506 -0.018900 0.000000 0.006601 0.998849 -0.047500 0.000000 0.019235 0.047366 0.998692 -0.000000 0.188064 -0.000967 0.000397 1.000000
-0.100504 -0.057504 0.993273 0.000000 0.090369 -0.994730 -0.048444 0.000000 0.990824 0.084892 0.105171 -0.000000 0.311645 0.046609 0.172209 1.000000
Name: upperarm_twist_01_l
Index: 20
ParentIndex: 9
ChildCount: 0
1.000000 0.000000 -0.000000 0.000000 0.000000 1.000000 -0.000000 0.000000 -0.000000 -0.000000 1.000000 -0.000000 0.000041 0.000000 -0.000000 1.000000
0.746904 -0.016601 -0.664724 0.000000 0.035589 0.999253 0.015033 0.000000 0.663978 -0.034885 0.746937 -0.000000 0.758164 -0.092359 1.121710 1.000000
Name: ball_l
Index: 21
ParentIndex: 22
ChildCount: 0
0.002335 -0.999997 0.000170 0.000000 0.999997 0.002335 0.000000 0.000000 -0.000001 0.000170 1.000000 -0.000000 -0.061598 -0.138264 -0.006806 1.000000
0.090669 0.005485 0.995866 0.000000 -0.995847 -0.007792 0.090710 0.000000 0.008257 -0.999955 0.004756 -0.000000 -0.107184 -0.033000 -0.148706 1.000000
Name: foot_l
Index: 22
ParentIndex: 28
ChildCount: 1
21 
0.993508 0.072196 0.087918 0.000000 -0.064591 0.994157 -0.086482 0.000000 -0.093648 0.080241 0.992367 -0.000000 -0.425610 -0.001077 -0.004292 1.000000
0.005696 -0.090487 0.995881 0.000000 -0.010118 0.995841 0.090541 0.000000 -0.999933 -0.010592 0.004757 -0.000000 -0.094848 -0.031183 -0.155530 1.000000
Name: calf_twist_01_l
Index: 23
ParentIndex: 28
ChildCount: 0
0.999793 -0.007505 -0.018899 0.000000 0.006600 0.998849 -0.047500 0.000000 0.019234 0.047366 0.998692 -0.000000 -0.358130 0.000967 -0.000397 1.000000
-0.100504 -0.057503 0.993274 0.000000 -0.090369 0.994729 0.048444 0.000000 -0.990824 -0.084892 -0.105171 -0.000000 -0.141613 -0.045487 -0.168938 1.000000
Name: calf_twist_02_l
Index: 24
ParentIndex: 28
ChildCount: 0
0.999793 -0.007506 -0.018900 0.000000 0.006601 0.998849 -0.047500 0.000000 0.019234 0.047366 0.998692 -0.000000 -0.188064 0.000967 -0.000397 1.000000
-0.100504 -0.057503 0.993273 0.000000 -0.090369 0.994729 0.048443 0.000000 -0.990824 -0.084893 -0.105171 -0.000000 -0.311644 -0.046609 -0.172209 1.000000
Name: foot_r
Index: 25
ParentIndex: 12
ChildCount: 1
26 
0.993508 0.072196 0.087918 0.000000 -0.064590 0.994157 -0.086486 0.000000 -0.093648 0.080246 0.992366 -0.000000 0.425611 0.001077 0.004292 1.000000
0.005697 -0.090495 0.995881 0.000000 0.010118 -0.995841 -0.090549 0.000000 0.999933 0.010592 -0.004757 -0.000000 0.094849 0.031182 0.155530 1.000000
Name: ball_r
Index: 26
ParentIndex: 25
ChildCount: 0
0.002335 -0.999997 0.000166 0.000000 0.999997 0.002335 -0.000000 0.000000 -0.000000 0.000166 1.000000 -0.000000 0.061598 0.138264 0.006806 1.000000
0.090669 0.005485 0.995866 0.000000 0.995847 0.007792 -0.090710 0.000000 -0.008257 0.999955 -0.004756 -0.000000 0.107184 0.033000 0.148707 1.000000
Name: calf_twist_01_r
Index: 27
ParentIndex: 12
ChildCount: 0
0.999793 -0.007506 -0.018900 0.000000 0.006601 0.998849 -0.047500 0.000000 0.019235 0.047366 0.998692 -0.000000 0.358131 -0.000967 0.000397 1.000000
-0.100504 -0.057504 0.993273 0.000000 0.090369 -0.994730 -0.048444 0.000000 0.990824 0.084892 0.105171 -0.000000 0.141613 0.045487 0.168938 1.000000
Name: calf_l
Index: 28
ParentIndex: 29
ChildCount: 3
23 24 22 
0.996434 -0.078014 0.032151 0.000000 0.078056 0.996949 -0.000025 0.000000 -0.032051 0.002534 0.999483 -0.000000 -0.390484 -0.000000 -0.000000 1.000000
-0.081758 -0.009636 0.996606 0.000000 -0.082853 0.996557 0.002838 0.000000 -0.993202 -0.082340 -0.082275 -0.000000 -0.503264 -0.051406 -0.164277 1.000000
Name: thigh_l
Index: 29
ParentIndex: 4
ChildCount: 3
28 30 104 
0.992987 0.030729 -0.114161 0.000000 -0.031012 0.999519 -0.000703 0.000000 0.114084 0.004238 0.993462 -0.000000 -0.025693 0.000109 0.077501 1.000000
-0.114161 -0.000702 0.993462 0.000000 -0.004862 0.999988 0.000148 0.000000 -0.993450 -0.004813 -0.114163 -0.000000 -0.890701 -0.012404 -0.180372 1.000000
Name: thigh_twist_01_l
Index: 30
ParentIndex: 29
ChildCount: 0
1.000000 0.000000 0.000000 0.000000 -0.000000 0.999997 -0.002535 0.000000 -0.000000 0.002535 0.999997 -0.000000 -0.216303 -0.000000 -0.000000 1.000000
-0.114160 -0.003221 0.993457 0.000000 -0.004862 0.999985 0.002684 0.000000 -0.993450 -0.004523 -0.114174 -0.000000 -0.674398 -0.011947 -0.180402 1.000000
Name: spine_05
Index: 31
ParentIndex: 40
ChildCount: 6
36 32 95 41 43 6 
0.999996 -0.002988 -0.000000 0.000000 0.002988 0.999996 -0.000000 0.000000 -0.000000 -0.000000 1.000000 -0.000000 0.100146 -0.000000 -0.000000 1.000000
-0.000000 -0.000000 1.000000 0.000000 0.080135 0.996784 0.000000 0.000000 -0.996784 0.080135 0.000000 -0.000000 -1.310232 0.069524 0.000000 1.000000
Name: clavicle_r
Index: 32
ParentIndex: 31
ChildCount: 2
3 33 
0.062842 -0.055476 0.996480 0.000000 -0.080033 -0.995518 -0.050375 0.000000 0.994809 -0.076586 -0.067000 -0.000000 0.043575 0.001466 -0.023223 1.000000
0.996480 -0.050375 -0.067000 0.000000 -0.050262 -0.998730 0.003379 0.000000 -0.067086 -0.000000 -0.997747 -0.000000 -0.065710 0.039426 -1.353549 1.000000
Name: dyn_shoulder_r
Index: 33
ParentIndex: 32
ChildCount: 0
0.790608 -0.002082 0.612319 0.000000 0.031341 0.998821 -0.037071 0.000000 -0.611520 0.048499 0.789741 -0.000000 -0.155717 0.000002 -0.000470 1.000000
0.746904 -0.016601 -0.664724 0.000000 -0.035589 -0.999253 -0.015033 0.000000 -0.663978 0.034885 -0.746938 -0.000000 -0.757438 0.092359 -1.121711 1.000000
Name: upperarm_twist_01_r
Index: 34
ParentIndex: 3
ChildCount: 0
1.000000 0.000000 -0.000000 0.000000 0.000000 1.000000 -0.000000 0.000000 -0.000000 -0.000000 1.000000 -0.000000 -0.000041 -0.000000 -0.000000 1.000000
0.746904 -0.016601 -0.664724 0.000000 -0.035589 -0.999254 -0.015033 0.000000 -0.663978 0.034885 -0.746938 -0.000000 -0.758165 0.092359 -1.121711 1.000000
Name: upperarm_twist_02_r
Index: 35
ParentIndex: 3
ChildCount: 1
10 
1.000000 0.000000 -0.000000 0.000000 0.000000 1.000000 -0.000000 0.000000 -0.000000 -0.000000 1.000000 -0.000000 -0.137942 0.000000 -0.000000 1.000000
0.746905 -0.016601 -0.664724 0.000000 -0.035589 -0.999253 -0.015033 0.000000 -0.663978 0.034885 -0.746938 -0.000000 -0.620264 0.092359 -1.121712 1.000000
Name: clavicle_l
Index: 36
ParentIndex: 31
ChildCount: 2
9 37 
-0.062842 0.055476 0.996480 0.000000 0.080033 0.995519 -0.050375 0.000000 -0.994809 0.076586 -0.067000 -0.000000 0.043574 0.001466 0.023223 1.000000
0.996480 -0.050375 -0.067001 0.000000 0.050262 0.998730 -0.003379 0.000000 0.067086 -0.000000 0.997747 -0.000000 0.065711 -0.039426 1.353548 1.000000
Name: dyn_shoulder_l
Index: 37
ParentIndex: 36
ChildCount: 0
0.790608 -0.002082 0.612320 0.000000 0.031341 0.998821 -0.037071 0.000000 -0.611521 0.048499 0.789741 -0.000000 0.155865 -0.000002 0.000584 1.000000
0.746904 -0.016601 -0.664724 0.000000 0.035589 0.999253 0.015033 0.000000 0.663979 -0.034885 0.746937 -0.000000 0.757251 -0.092359 1.121710 1.000000
Name: upperarm_twist_02_l
Index: 38
ParentIndex: 9
ChildCount: 1
11 
1.000000 0.000000 -0.000000 0.000000 0.000000 1.000000 -0.000000 0.000000 -0.000000 -0.000000 1.000000 -0.000000 0.137941 0.000000 -0.000000 1.000000
0.746904 -0.016601 -0.664724 0.000000 0.035589 0.999253 0.015033 0.000000 0.663979 -0.034885 0.746937 -0.000000 0.620264 -0.092359 1.121710 1.000000
Name: spine_03
Index: 39
ParentIndex: 5
ChildCount: 1
40 
0.999557 0.029748 -0.000000 0.000000 -0.029748 0.999557 -0.000000 0.000000 -0.000000 -0.000000 1.000000 -0.000000 0.060104 -0.000000 0.000000 1.000000
0.000000 -0.000000 1.000000 0.000000 0.109307 0.994008 -0.000000 0.000000 -0.994008 0.109307 0.000000 -0.000000 -1.126498 0.105249 0.000000 1.000000
Name: spine_04
Index: 40
ParentIndex: 39
ChildCount: 1
31 
0.999654 -0.026313 -0.000000 0.000000 0.026313 0.999654 -0.000000 0.000000 -0.000000 -0.000000 1.000000 -0.000000 0.081024 0.000000 0.000000 1.000000
0.000000 -0.000000 1.000000 0.000000 0.083113 0.996540 0.000000 0.000000 -0.996540 0.083113 0.000000 -0.000000 -1.209872 0.073439 0.000000 1.000000
Name: dyn_clav_chest_r
Index: 41
ParentIndex: 31
ChildCount: 1
42 
0.062842 -0.055476 0.996480 0.000000 -0.080034 -0.995518 -0.050375 0.000000 0.994809 -0.076587 -0.067000 -0.000000 0.043465 0.001563 -0.024977 1.000000
0.996480 -0.050375 -0.067000 0.000000 -0.050262 -0.998730 0.003379 0.000000 -0.067085 -0.000000 -0.997747 -0.000000 -0.063950 0.039426 -1.353549 1.000000
Name: dyn_arm_socket_r
Index: 42
ParentIndex: 41
ChildCount: 0
0.996480 -0.050375 -0.067000 0.000000 -0.050262 -0.998730 0.003380 0.000000 -0.067085 -0.000000 -0.997747 -0.000000 -0.155561 0.000813 0.010772 1.000000
1.000000 -0.000000 0.000000 0.000000 0.000000 1.000000 0.000000 0.000000 -0.000000 -0.000000 1.000000 -0.000000 0.180752 -0.047779 1.355102 1.000000
Name: dyn_clav_chest_l
Index: 43
ParentIndex: 31
ChildCount: 1
44 
-0.062842 0.055476 0.996480 0.000000 0.080033 0.995519 -0.050375 0.000000 -0.994809 0.076586 -0.067000 -0.000000 0.043465 0.001563 0.024977 1.000000
0.996480 -0.050375 -0.067000 0.000000 0.050262 0.998730 -0.003379 0.000000 0.067086 -0.000000 0.997747 -0.000000 0.063951 -0.039426 1.353549 1.000000
Name: dyn_arm_socket_l
Index: 44
ParentIndex: 43
ChildCount: 0
0.996480 -0.050375 -0.067000 0.000000 0.050262 0.998730 -0.003379 0.000000 0.067086 0.000000 0.997747 -0.000000 0.157950 -0.000810 0.024790 1.000000
1.000000 0.000000 0.000000 0.000000 -0.000000 1.000000 0.000000 0.000000 0.000000 -0.000000 1.000000 -0.000000 -0.180751 -0.047782 1.319460 1.000000
Name: dyn_leg_bracer_l3
Index: 45
ParentIndex: 104
ChildCount: 0
1.000000 0.000000 0.000000 0.000000 -0.000000 0.999997 -0.002535 0.000000 -0.000000 0.002535 0.999997 -0.000000 0.000000 -0.075201 0.003878 1.000000
-0.114160 -0.003221 0.993457 0.000000 -0.004862 0.999985 0.002683 0.000000 -0.993450 -0.004523 -0.114174 -0.000000 -0.604099 0.063264 -0.184089 1.000000
Name: dyn_leg_bracer_l2
Index: 46
ParentIndex: 104
ChildCount: 0
1.000000 0.000000 0.000001 0.000000 -0.000000 0.999997 -0.002535 0.000000 -0.000001 0.002535 0.999997 -0.000000 0.000000 -0.000158 -0.062477 1.000000
-0.114160 -0.003221 0.993457 0.000000 -0.004862 0.999985 0.002684 0.000000 -0.993451 -0.004523 -0.114174 -0.000000 -0.604099 -0.011947 -0.117925 1.000000
Name: dyn_leg_bracer_l1
Index: 47
ParentIndex: 104
ChildCount: 0
1.000000 0.000000 0.000001 0.000000 -0.000000 0.999997 -0.002535 0.000000 -0.000001 0.002535 0.999997 -0.000000 -0.000000 0.000174 0.068703 1.000000
-0.114160 -0.003221 0.993457 0.000000 -0.004862 0.999985 0.002684 0.000000 -0.993451 -0.004523 -0.114174 -0.000000 -0.604098 -0.011947 -0.249105 1.000000
Name: dyn_leg_bracer_l4
Index: 48
ParentIndex: 104
ChildCount: 0
1.000000 -0.000000 0.000000 0.000000 0.000000 0.999997 -0.002535 0.000000 -0.000000 0.002535 0.999997 -0.000000 0.000001 0.071987 0.003504 1.000000
-0.114160 -0.003221 0.993457 0.000000 -0.004862 0.999985 0.002684 0.000000 -0.993450 -0.004523 -0.114174 -0.000000 -0.604099 -0.083924 -0.184089 1.000000
Name: dyn_shoulder_armor_r
Index: 49
ParentIndex: 3
ChildCount: 0
1.000000 0.000000 -0.000000 0.000000 0.000000 1.000000 -0.000000 0.000000 -0.000000 -0.000000 1.000000 -0.000000 -0.042909 0.016947 0.067178 1.000000
0.746904 -0.016601 -0.664724 0.000000 -0.035589 -0.999253 -0.015033 0.000000 -0.663978 0.034885 -0.746938 -0.000000 -0.715297 0.075411 -1.188889 1.000000
Name: dyn_shoulder_armor_l
Index: 50
ParentIndex: 9
ChildCount: 0
1.000000 0.000000 -0.000000 0.000000 0.000000 1.000000 -0.000000 0.000000 -0.000000 -0.000000 1.000000 -0.000000 0.042910 -0.016950 -0.067180 1.000000
0.746904 -0.016601 -0.664724 0.000000 0.035589 0.999253 0.015033 0.000000 0.663978 -0.034885 0.746937 -0.000000 0.715295 -0.075409 1.188890 1.000000
Name: thumb_01_l
Index: 51
ParentIndex: 0
ChildCount: 1
55 
0.664438 0.613492 0.426789 0.000000 0.444819 0.134258 -0.885500 0.000000 -0.600548 0.778204 -0.183687 -0.000000 0.013118 0.003191 0.024590 1.000000
-0.290601 0.420692 -0.859401 0.000000 -0.526454 0.679698 0.510742 0.000000 0.798998 0.600856 0.023954 -0.000000 0.928861 0.441695 0.502046 1.000000
Name: lowerarm_twist_01_l
Index: 52
ParentIndex: 8
ChildCount: 0
1.000000 0.000000 -0.000000 0.000000 0.000000 1.000000 -0.000000 0.000000 -0.000000 -0.000000 1.000000 -0.000000 0.178549 0.000000 0.000000 1.000000
0.639304 0.387973 -0.663903 0.000000 -0.442128 0.891860 0.095441 0.000000 0.629137 0.232514 0.741703 -0.000000 0.340686 0.073599 1.110632 1.000000
Name: lowerarm_twist_02_l
Index: 53
ParentIndex: 8
ChildCount: 0
1.000000 0.000000 -0.000000 0.000000 0.000000 1.000000 -0.000000 0.000000 -0.000000 -0.000000 1.000000 -0.000000 0.096199 0.000000 -0.000000 1.000000
0.639304 0.387974 -0.663903 0.000000 -0.442128 0.891860 0.095442 0.000000 0.629137 0.232514 0.741703 -0.000000 0.423036 0.073598 1.110632 1.000000
Name: pinky_metacarpal_l
Index: 54
ParentIndex: 0
ChildCount: 1
66 
0.977252 -0.130562 -0.167126 0.000000 0.143477 0.987340 0.067635 0.000000 0.156179 -0.090075 0.983613 -0.000000 0.017616 0.009753 -0.033814 1.000000
0.658376 -0.730291 -0.182250 0.000000 -0.213943 0.050578 -0.975536 0.000000 0.721643 0.681261 -0.122941 -0.000000 0.368565 1.071361 -0.040028 1.000000
Name: thumb_02_l
Index: 55
ParentIndex: 51
ChildCount: 1
59 
0.821455 0.568974 -0.038469 0.000000 -0.568657 0.822336 0.019783 0.000000 0.042891 0.005625 0.999064 -0.000000 0.059336 0.000448 -0.000401 1.000000
0.033708 0.494202 -0.868693 0.000000 -0.065376 0.868416 0.491507 0.000000 0.997291 0.040224 0.061581 -0.000000 0.946004 -0.121669 0.541753 1.000000
Name: ring_metacarpal_l
Index: 56
ParentIndex: 0
ChildCount: 1
65 
0.985381 -0.087171 -0.146373 0.000000 0.095372 0.994187 0.049960 0.000000 0.141167 -0.063190 0.987967 -0.000000 0.022074 0.003625 -0.013638 1.000000
0.621191 -0.754260 -0.212638 0.000000 -0.228730 0.085017 -0.969771 0.000000 0.749537 0.651049 -0.119710 -0.000000 0.414094 1.059042 -0.041481 1.000000
Name: index_metacarpal_l
Index: 57
ParentIndex: 0
ChildCount: 1
60 
0.999093 -0.034262 0.025270 0.000000 0.035042 0.998902 -0.031082 0.000000 -0.024177 0.031940 0.999197 -0.000000 0.016535 -0.000183 0.029600 1.000000
0.528223 -0.761317 -0.376002 0.000000 -0.382793 0.181756 -0.905778 0.000000 0.757925 0.622383 -0.195419 -0.000000 0.470884 1.042778 -0.071467 1.000000
Name: middle_metacarpal_l
Index: 58
ParentIndex: 0
ChildCount: 1
61 
0.997277 -0.065867 -0.033182 0.000000 0.065465 0.997769 -0.013054 0.000000 0.033968 0.010846 0.999364 -0.000000 0.021856 0.001725 0.005984 1.000000
0.572079 -0.751007 -0.329718 0.000000 -0.333590 0.154200 -0.930021 0.000000 0.749295 0.642037 -0.162314 -0.000000 0.437030 1.052879 -0.040086 1.000000
Name: thumb_03_l
Index: 59
ParentIndex: 55
ChildCount: 0
0.999578 0.013409 0.025761 0.000000 -0.012797 0.999635 -0.023786 0.000000 -0.026071 0.023447 0.999385 -0.000000 0.022223 -0.003682 0.000907 1.000000
0.017941 0.514254 -0.857450 0.000000 -0.041042 0.857244 0.513272 0.000000 0.998996 0.025982 0.036486 -0.000000 0.935742 -0.142630 0.513663 1.000000
Name: index_01_l
Index: 60
ParentIndex: 57
ChildCount: 1
62 
0.978221 0.184254 -0.095575 0.000000 -0.183407 0.982879 0.017653 0.000000 0.097191 0.000260 0.995266 -0.000000 0.083008 -0.000357 0.000524 1.000000
0.412379 -0.851799 -0.323082 0.000000 -0.254398 0.232862 -0.938647 0.000000 0.874772 0.469269 -0.120669 -0.000000 0.578511 0.952866 -0.033680 1.000000
Name: middle_01_l
Index: 61
ParentIndex: 58
ChildCount: 1
64 
0.985245 0.171086 -0.004783 0.000000 -0.170736 0.984412 0.042222 0.000000 0.011932 -0.040783 0.999097 -0.000000 0.073275 0.002448 -0.000129 1.000000
0.436728 -0.850896 -0.291966 0.000000 -0.297838 0.169484 -0.939451 0.000000 0.848858 0.497243 -0.179410 -0.000000 0.538292 0.970264 -0.078419 1.000000
Name: index_02_l
Index: 62
ParentIndex: 60
ChildCount: 1
63 
0.791940 0.610586 -0.003860 0.000000 -0.610564 0.791947 0.005636 0.000000 0.006498 -0.002106 0.999977 -0.000000 0.033587 0.003004 -0.000452 1.000000
-0.192271 -0.928184 -0.318600 0.000000 -0.055662 0.334450 -0.940768 0.000000 0.979762 -0.163148 -0.115970 -0.000000 1.011648 0.419343 -0.031687 1.000000
Name: index_03_l
Index: 63
ParentIndex: 62
ChildCount: 0
0.869010 0.494651 -0.011934 0.000000 -0.494597 0.869092 0.007286 0.000000 0.013976 -0.000429 0.999902 -0.000000 0.025578 0.001230 0.000252 1.000000
-0.622410 -0.713902 -0.320858 0.000000 0.128292 0.311343 -0.941598 0.000000 0.772106 -0.627223 -0.102195 -0.000000 1.064106 -0.124562 -0.018334 1.000000
Name: middle_02_l
Index: 64
ParentIndex: 61
ChildCount: 1
67 
0.751936 0.658412 -0.032968 0.000000 -0.656162 0.752317 0.058913 0.000000 0.063591 -0.022666 0.997719 -0.000000 0.040123 -0.001401 -0.001175 1.000000
-0.222223 -0.943908 -0.244242 0.000000 -0.081393 0.267591 -0.960089 0.000000 0.971593 -0.193474 -0.136292 -0.000000 1.016893 0.399570 -0.067413 1.000000
Name: ring_01_l
Index: 65
ParentIndex: 56
ChildCount: 1
68 
0.927115 0.368576 0.067890 0.000000 -0.373503 0.923600 0.086361 0.000000 -0.030873 -0.105423 0.993948 -0.000000 0.070295 0.006197 0.001446 1.000000
0.283477 -0.947014 -0.151012 0.000000 -0.246561 0.080203 -0.965803 0.000000 0.926741 0.311016 -0.210762 -0.000000 0.703881 0.840291 -0.164276 1.000000
Name: pinky_01_l
Index: 66
ParentIndex: 54
ChildCount: 1
69 
0.899424 0.435581 0.036136 0.000000 -0.436496 0.890889 0.125649 0.000000 0.022537 -0.128785 0.991416 -0.000000 0.071709 0.004831 0.001094 1.000000
0.267473 -0.960887 -0.071797 0.000000 -0.205646 0.015869 -0.978498 0.000000 0.941365 0.276486 -0.193358 -0.000000 0.730074 0.815417 -0.171432 1.000000
Name: middle_03_l
Index: 67
ParentIndex: 64
ChildCount: 0
0.940941 0.336217 -0.039853 0.000000 -0.336835 0.941513 -0.009757 0.000000 0.034242 0.022605 0.999158 -0.000000 0.026077 -0.000534 -0.001373 1.000000
-0.516723 -0.811467 -0.272982 0.000000 0.051645 0.288723 -0.956018 0.000000 0.854593 -0.508095 -0.107282 -0.000000 1.069453 0.043605 -0.023013 1.000000
Name: ring_02_l
Index: 68
ParentIndex: 65
ChildCount: 1
70 
0.842493 0.538708 0.000000 0.000000 -0.538708 0.842493 -0.000000 0.000000 -0.000000 -0.000000 1.000000 -0.000000 0.036174 -0.004646 0.001027 1.000000
-0.271337 -0.950564 -0.151012 0.000000 -0.164521 0.200395 -0.965803 0.000000 0.948319 -0.237213 -0.210762 -0.000000 1.017712 0.352155 -0.165303 1.000000
Name: pinky_02_l
Index: 69
ParentIndex: 66
ChildCount: 1
71 
0.837074 0.547073 -0.004241 0.000000 -0.547089 0.837049 -0.006488 0.000000 0.000000 0.007751 0.999970 -0.000000 0.028274 -0.000892 0.001043 1.000000
-0.301476 -0.950175 -0.079242 0.000000 -0.159310 0.132138 -0.978345 0.000000 0.940070 -0.282324 -0.191209 -0.000000 1.034770 0.300463 -0.166143 1.000000
Name: ring_03_l
Index: 70
ParentIndex: 68
ChildCount: 0
0.971720 0.236135 -0.000000 0.000000 -0.236135 0.971720 0.000001 0.000000 0.000000 -0.000000 1.000000 -0.000000 0.024152 -0.001141 -0.000199 1.000000
-0.488125 -0.859610 -0.151012 0.000000 -0.112547 0.233577 -0.965803 0.000000 0.865486 -0.454436 -0.210762 -0.000000 1.048888 0.108690 -0.165104 1.000000
Name: pinky_03_l
Index: 71
ParentIndex: 69
ChildCount: 0
0.958056 0.285924 -0.019390 0.000000 -0.285916 0.958249 0.003230 0.000000 0.019504 0.002449 0.999807 -0.000000 0.022046 -0.000307 0.000078 1.000000
-0.558972 -0.824564 -0.087434 0.000000 -0.095877 0.169011 -0.980940 0.000000 0.823625 -0.539935 -0.173529 -0.000000 1.059467 -0.001877 -0.145700 1.000000
Name: thumb_01_r
Index: 72
ParentIndex: 1
ChildCount: 1
76 
0.664438 0.613492 0.426789 0.000000 0.444819 0.134259 -0.885500 0.000000 -0.600548 0.778204 -0.183687 -0.000000 -0.013119 -0.003192 -0.024590 1.000000
-0.290601 0.420692 -0.859400 0.000000 0.526454 -0.679698 -0.510742 0.000000 -0.798998 -0.600857 -0.023954 -0.000000 -0.928860 -0.441693 -0.502046 1.000000
Name: lowerarm_twist_01_r
Index: 73
ParentIndex: 2
ChildCount: 0
1.000000 0.000000 -0.000000 0.000000 0.000000 1.000000 -0.000000 0.000000 -0.000000 -0.000000 1.000000 -0.000000 -0.178550 0.000000 -0.000000 1.000000
0.639304 0.387974 -0.663903 0.000000 0.442128 -0.891859 -0.095442 0.000000 -0.629137 -0.232514 -0.741703 -0.000000 -0.340685 -0.073598 -1.110632 1.000000
Name: lowerarm_twist_02_r
Index: 74
ParentIndex: 2
ChildCount: 0
1.000000 0.000000 -0.000000 0.000000 0.000000 1.000000 -0.000000 0.000000 -0.000000 -0.000000 1.000000 -0.000000 -0.096199 -0.000000 -0.000000 1.000000
0.639304 0.387974 -0.663903 0.000000 0.442128 -0.891860 -0.095442 0.000000 -0.629137 -0.232514 -0.741703 -0.000000 -0.423036 -0.073598 -1.110633 1.000000
Name: pinky_metacarpal_r
Index: 75
ParentIndex: 1
ChildCount: 1
89 
0.977253 -0.130562 -0.167126 0.000000 0.143476 0.987340 0.067635 0.000000 0.156180 -0.090075 0.983613 -0.000000 -0.017617 -0.009753 0.033814 1.000000
0.658376 -0.730292 -0.182250 0.000000 0.213943 -0.050578 0.975536 0.000000 -0.721644 -0.681260 0.122941 -0.000000 -0.368563 -1.071361 0.040029 1.000000
Name: thumb_02_r
Index: 76
ParentIndex: 72
ChildCount: 1
80 
0.821455 0.568974 -0.038469 0.000000 -0.568658 0.822336 0.019781 0.000000 0.042890 0.005626 0.999064 -0.000000 -0.059335 -0.000447 0.000401 1.000000
0.033708 0.494202 -0.868693 0.000000 0.065376 -0.868416 -0.491508 0.000000 -0.997291 -0.040224 -0.061581 -0.000000 -0.946004 0.121669 -0.541752 1.000000
Name: index_metacarpal_r
Index: 77
ParentIndex: 1
ChildCount: 1
81 
0.999093 -0.034262 0.025270 0.000000 0.035042 0.998902 -0.031082 0.000000 -0.024177 0.031940 0.999197 -0.000000 -0.016534 0.000181 -0.029601 1.000000
0.528223 -0.761317 -0.376001 0.000000 0.382793 -0.181756 0.905778 0.000000 -0.757925 -0.622383 0.195419 -0.000000 -0.470884 -1.042777 0.071467 1.000000
Name: ring_metacarpal_r
Index: 78
ParentIndex: 1
ChildCount: 1
83 
0.985381 -0.087171 -0.146374 0.000000 0.095372 0.994187 0.049960 0.000000 0.141168 -0.063190 0.987967 -0.000000 -0.022073 -0.003626 0.013638 1.000000
0.621190 -0.754259 -0.212638 0.000000 0.228730 -0.085018 0.969770 0.000000 -0.749536 -0.651049 0.119709 -0.000000 -0.414093 -1.059041 0.041480 1.000000
Name: middle_metacarpal_r
Index: 79
ParentIndex: 1
ChildCount: 1
82 
0.997277 -0.065867 -0.033182 0.000000 0.065465 0.997769 -0.013054 0.000000 0.033968 0.010846 0.999364 -0.000000 -0.021856 -0.001726 -0.005984 1.000000
0.572079 -0.751007 -0.329718 0.000000 0.333590 -0.154200 0.930021 0.000000 -0.749295 -0.642037 0.162314 -0.000000 -0.437028 -1.052878 0.040086 1.000000
Name: thumb_03_r
Index: 80
ParentIndex: 76
ChildCount: 0
0.999578 0.013408 0.025761 0.000000 -0.012796 0.999635 -0.023786 0.000000 -0.026070 0.023447 0.999385 -0.000000 -0.022223 0.003682 -0.000907 1.000000
0.017942 0.514255 -0.857450 0.000000 0.041042 -0.857244 -0.513272 0.000000 -0.998996 -0.025983 -0.036487 -0.000000 -0.935742 0.142630 -0.513663 1.000000
Name: index_01_r
Index: 81
ParentIndex: 77
ChildCount: 1
84 
0.978221 0.184254 -0.095575 0.000000 -0.183407 0.982879 0.017654 0.000000 0.097191 0.000260 0.995266 -0.000000 -0.083008 0.000357 -0.000524 1.000000
0.412379 -0.851799 -0.323081 0.000000 0.254397 -0.232860 0.938647 0.000000 -0.874772 -0.469269 0.120669 -0.000000 -0.578511 -0.952865 0.033681 1.000000
Name: middle_01_r
Index: 82
ParentIndex: 79
ChildCount: 1
86 
0.985245 0.171086 -0.004783 0.000000 -0.170736 0.984412 0.042222 0.000000 0.011932 -0.040782 0.999097 -0.000000 -0.073273 -0.002447 0.000129 1.000000
0.436728 -0.850896 -0.291967 0.000000 0.297838 -0.169485 0.939451 0.000000 -0.848859 -0.497243 0.179411 -0.000000 -0.538293 -0.970264 0.078419 1.000000
Name: ring_01_r
Index: 83
ParentIndex: 78
ChildCount: 1
88 
0.927115 0.368576 0.067890 0.000000 -0.373503 0.923600 0.086361 0.000000 -0.030873 -0.105424 0.993948 -0.000000 -0.070297 -0.006197 -0.001446 1.000000
0.283477 -0.947014 -0.151012 0.000000 0.246561 -0.080203 0.965803 0.000000 -0.926741 -0.311016 0.210762 -0.000000 -0.703878 -0.840290 0.164276 1.000000
Name: index_02_r
Index: 84
ParentIndex: 81
ChildCount: 1
85 
0.791940 0.610586 -0.003861 0.000000 -0.610564 0.791947 0.005635 0.000000 0.006498 -0.002106 0.999977 -0.000000 -0.033589 -0.003003 0.000453 1.000000
-0.192270 -0.928184 -0.318600 0.000000 0.055662 -0.334450 0.940768 0.000000 -0.979762 0.163148 0.115970 -0.000000 -1.011647 -0.419343 0.031687 1.000000
Name: index_03_r
Index: 85
ParentIndex: 84
ChildCount: 0
0.869010 0.494650 -0.011934 0.000000 -0.494597 0.869092 0.007287 0.000000 0.013976 -0.000430 0.999902 -0.000000 -0.025578 -0.001231 -0.000251 1.000000
-0.622409 -0.713902 -0.320858 0.000000 -0.128292 -0.311343 0.941598 0.000000 -0.772106 0.627223 0.102195 -0.000000 -1.064104 0.124562 0.018333 1.000000
Name: middle_02_r
Index: 86
ParentIndex: 82
ChildCount: 1
90 
0.751927 0.658411 -0.033174 0.000000 -0.656164 0.752324 0.058797 0.000000 0.063670 -0.022443 0.997719 -0.000000 -0.040142 0.001411 0.000700 1.000000
-0.222166 -0.943881 -0.244398 0.000000 0.081197 -0.267702 0.960074 0.000000 -0.971622 0.193451 0.136114 -0.000000 -1.016913 -0.399576 0.067632 1.000000
Name: ring_03_r
Index: 87
ParentIndex: 88
ChildCount: 0
0.971720 0.236135 0.000000 0.000000 -0.236135 0.971720 0.000000 0.000000 -0.000000 -0.000000 1.000000 -0.000000 -0.024153 0.001141 0.000199 1.000000
-0.488125 -0.859610 -0.151012 0.000000 0.112547 -0.233577 0.965803 0.000000 -0.865486 0.454436 0.210762 -0.000000 -1.048888 -0.108691 0.165104 1.000000
Name: ring_02_r
Index: 88
ParentIndex: 83
ChildCount: 1
87 
0.842493 0.538707 -0.000000 0.000000 -0.538707 0.842493 -0.000000 0.000000 -0.000000 0.000000 1.000000 -0.000000 -0.036171 0.004648 -0.001027 1.000000
-0.271336 -0.950564 -0.151012 0.000000 0.164520 -0.200395 0.965803 0.000000 -0.948319 0.237213 0.210762 -0.000000 -1.017713 -0.352156 0.165302 1.000000
Name: pinky_01_r
Index: 89
ParentIndex: 75
ChildCount: 1
91 
0.899424 0.435581 0.036136 0.000000 -0.436496 0.890889 0.125649 0.000000 0.022537 -0.128785 0.991416 -0.000000 -0.071707 -0.004832 -0.001094 1.000000
0.267472 -0.960887 -0.071797 0.000000 0.205646 -0.015869 0.978498 0.000000 -0.941365 -0.276486 0.193358 -0.000000 -0.730073 -0.815416 0.171432 1.000000
Name: middle_03_r
Index: 90
ParentIndex: 86
ChildCount: 0
0.940944 0.336214 -0.039807 0.000000 -0.336837 0.941511 -0.009943 0.000000 0.034136 0.022765 0.999158 -0.000000 -0.026074 0.000534 0.001312 1.000000
-0.516663 -0.811411 -0.273263 0.000000 -0.051821 -0.288941 0.955943 0.000000 -0.854620 0.508061 0.107237 -0.000000 -1.069486 -0.043616 0.023333 1.000000
Name: pinky_02_r
Index: 91
ParentIndex: 89
ChildCount: 1
92 
0.837075 0.547072 -0.004241 0.000000 -0.547089 0.837049 -0.006488 0.000000 0.000001 0.007751 0.999970 -0.000000 -0.028274 0.000892 -0.001043 1.000000
-0.301476 -0.950175 -0.079242 0.000000 0.159310 -0.132138 0.978345 0.000000 -0.940070 0.282324 0.191209 -0.000000 -1.034768 -0.300462 0.166143 1.000000
Name: pinky_03_r
Index: 92
ParentIndex: 91
ChildCount: 0
0.958056 0.285923 -0.019389 0.000000 -0.285916 0.958249 0.003230 0.000000 0.019503 0.002450 0.999807 -0.000000 -0.022045 0.000310 -0.000078 1.000000
-0.558972 -0.824564 -0.087435 0.000000 0.095877 -0.169011 0.980940 0.000000 -0.823625 0.539935 0.173529 -0.000000 -1.059467 0.001875 0.145700 1.000000
Name: head
Index: 93
ParentIndex: 94
ChildCount: 0
0.973570 0.228388 -0.000000 0.000000 -0.228388 0.973570 -0.000000 0.000000 -0.000000 0.000000 1.000000 -0.000000 0.053914 0.000000 -0.000000 1.000000
-0.000000 -0.000000 1.000000 0.000000 0.008265 0.999966 0.000000 0.000000 -0.999966 0.008265 -0.000000 -0.000000 -1.520430 -0.004307 -0.000000 1.000000
Name: neck_02
Index: 94
ParentIndex: 95
ChildCount: 1
93 
0.994914 0.100732 -0.000000 0.000000 -0.100732 0.994914 -0.000000 0.000000 -0.000000 0.000000 1.000000 -0.000000 0.045627 0.000000 -0.000000 1.000000
0.000000 -0.000000 1.000000 0.000000 -0.220333 0.975425 0.000000 0.000000 -0.975425 -0.220333 -0.000000 -0.000000 -1.425347 -0.351440 -0.000000 1.000000
Name: neck_01
Index: 95
ParentIndex: 31
ChildCount: 1
94 
0.919779 -0.392438 -0.000000 0.000000 0.392438 0.919779 -0.000000 0.000000 -0.000000 -0.000000 1.000000 -0.000000 0.113138 -0.001529 -0.000000 1.000000
0.000000 -0.000000 1.000000 0.000000 -0.317469 0.948269 0.000000 0.000000 -0.948269 -0.317469 0.000000 -0.000000 -1.337070 -0.493231 0.000000 1.000000
Name: RootNode
Index: 96
ParentIndex: -1
ChildCount: 3
97 113 115 
1.000000 0.000000 -0.000000 0.000000 0.000000 1.000000 -0.000000 0.000000 -0.000000 -0.000000 1.000000 -0.000000 0.000000 0.000000 -0.000000 1.000000
1.000000 0.000000 0.000000 0.000000 0.000000 1.000000 0.000000 0.000000 0.000000 0.000000 1.000000 0.000000 0.000000 0.000000 0.000000 1.000000
Name: root_$AssimpFbx$_Translation
Index: 97
ParentIndex: 96
ChildCount: 1
98 
1.000000 0.000000 -0.000000 0.000000 0.000000 1.000000 -0.000000 0.000000 -0.000000 -0.000000 1.000000 -0.000000 0.000000 0.000000 -0.000000 1.000000
1.000000 0.000000 0.000000 0.000000 0.000000 1.000000 0.000000 0.000000 0.000000 0.000000 1.000000 0.000000 0.000000 0.000000 0.000000 1.000000
Name: root_$AssimpFbx$_PreRotation
Index: 98
ParentIndex: 97
ChildCount: 1
99 
1.000000 0.000000 -0.000000 0.000000 0.000000 -0.000000 1.000000 0.000000 -0.000000 -1.000000 -0.000000 -0.000000 0.000000 0.000000 -0.000000 1.000000
1.000000 0.000000 0.000000 0.000000 0.000000 1.000000 0.000000 0.000000 0.000000 0.000000 1.000000 0.000000 0.000000 0.000000 0.000000 1.000000
Name: root_$AssimpFbx$_Rotation
Index: 99
ParentIndex: 98
ChildCount: 1
100 
1.000000 0.000000 -0.000000 0.000000 0.000000 1.000000 -0.000000 0.000000 -0.000000 -0.000000 1.000000 -0.000000 0.000000 0.000000 -0.000000 1.000000
1.000000 0.000000 0.000000 0.000000 0.000000 1.000000 0.000000 0.000000 0.000000 0.000000 1.000000 0.000000 0.000000 0.000000 0.000000 1.000000
Name: root
Index: 100
ParentIndex: 99
ChildCount: 4
101 4 106 109 
1.000000 0.000000 -0.000000 0.000000 0.000000 1.000000 -0.000000 0.000000 -0.000000 -0.000000 1.000000 -0.000000 0.000000 0.000000 -0.000000 1.000000
1.000000 0.000000 0.000000 0.000000 0.000000 1.000000 0.000000 0.000000 0.000000 0.000000 1.000000 0.000000 0.000000 0.000000 0.000000 1.000000
Name: attach
Index: 101
ParentIndex: 100
ChildCount: 0
1.000000 0.000000 -0.000000 0.000000 0.000000 1.000000 -0.000000 0.000000 -0.000000 -0.000000 1.000000 -0.000000 0.000000 0.000000 -0.000000 1.000000
1.000000 0.000000 0.000000 0.000000 0.000000 1.000000 0.000000 0.000000 0.000000 0.000000 1.000000 0.000000 0.000000 0.000000 0.000000 1.000000
Name: weapon_l
Index: 102
ParentIndex: 0
ChildCount: 0
0.999999 0.001114 -0.001285 0.000000 -0.001109 0.999993 0.003564 0.000000 0.001289 -0.003562 0.999993 -0.000000 -0.001526 0.034166 -0.003642 1.000000
1.000000 0.000000 0.000000 0.000000 0.000000 1.000000 0.000000 0.000000 0.000000 0.000000 1.000000 0.000000 0.000000 0.000000 0.000000 1.000000
Name: weapon_r
Index: 103
ParentIndex: 1
ChildCount: 0
-0.957300 0.101587 0.270661 0.000000 -0.115725 -0.992601 -0.036758 0.000000 0.264924 -0.066510 0.961973 -0.000000 0.016733 -0.040574 0.051817 1.000000
1.000000 0.000000 0.000000 0.000000 0.000000 1.000000 0.000000 0.000000 0.000000 0.000000 1.000000 0.000000 0.000000 0.000000 0.000000 1.000000
Name: dyn_master_l
Index: 104
ParentIndex: 29
ChildCount: 4
47 46 45 48 
1.000000 0.000000 -0.000000 0.000000 0.000000 1.000000 -0.000000 0.000000 -0.000000 -0.000000 1.000000 -0.000000 -0.286602 -0.000000 -0.000000 1.000000
1.000000 0.000000 0.000000 0.000000 0.000000 1.000000 0.000000 0.000000 0.000000 0.000000 1.000000 0.000000 0.000000 0.000000 0.000000 1.000000
Name: dyn_master_r
Index: 105
ParentIndex: 13
ChildCount: 4
16 17 15 18 
1.000000 0.000000 -0.000000 0.000000 0.000000 1.000000 -0.000000 0.000000 -0.000000 -0.000000 1.000000 -0.000000 0.286602 0.000000 0.000000 1.000000
1.000000 0.000000 0.000000 0.000000 0.000000 1.000000 0.000000 0.000000 0.000000 0.000000 1.000000 0.000000 0.000000 0.000000 0.000000 1.000000
Name: ik_foot_root
Index: 106
ParentIndex: 100
ChildCount: 2
107 108 
0.999702 0.024419 -0.000000 0.000000 -0.024419 0.999702 -0.000000 0.000000 -0.000000 -0.000000 1.000000 -0.000000 0.000000 0.000000 -0.000000 1.000000
1.000000 0.000000 0.000000 0.000000 0.000000 1.000000 0.000000 0.000000 0.000000 0.000000 1.000000 0.000000 0.000000 0.000000 0.000000 1.000000
Name: ik_foot_l
Index: 107
ParentIndex: 106
ChildCount: 0
0.005703 -0.010103 -0.999933 0.000000 -0.090486 0.995842 -0.010577 0.000000 0.995881 0.090540 0.004765 -0.000000 0.152604 0.044181 -0.094426 1.000000
1.000000 0.000000 0.000000 0.000000 0.000000 1.000000 0.000000 0.000000 0.000000 0.000000 1.000000 0.000000 0.000000 0.000000 0.000000 1.000000
Name: ik_foot_r
Index: 108
ParentIndex: 106
ChildCount: 0
0.005680 0.010115 0.999933 0.000000 -0.090454 -0.995844 0.010588 0.000000 0.995884 -0.090508 -0.004742 -0.000000 -0.138749 0.069389 -0.094433 1.000000
1.000000 0.000000 0.000000 0.000000 0.000000 1.000000 0.000000 0.000000 0.000000 0.000000 1.000000 0.000000 0.000000 0.000000 0.000000 1.000000
Name: ik_hand_root
Index: 109
ParentIndex: 100
ChildCount: 1
110 
0.999702 0.024419 -0.000000 0.000000 -0.024419 0.999702 -0.000000 0.000000 -0.000000 -0.000000 1.000000 -0.000000 0.000000 0.000000 -0.000000 1.000000
1.000000 0.000000 0.000000 0.000000 0.000000 1.000000 0.000000 0.000000 0.000000 0.000000 1.000000 0.000000 0.000000 0.000000 0.000000 1.000000
Name: ik_hand_gun
Index: 110
