BoneCount: 107
Name: mixamorig:Hips
Index: 0
ParentIndex: 37
ChildCount: 3
39 83 95 
1.000000 0.000000 -0.000000 0.000000 0.000000 1.000000 -0.000000 0.000000 -0.000000 -0.000000 1.000000 -0.000000 0.000000 92.554863 -4.552500 1.000000
1.000000 -0.000002 0.000000 0.000000 0.000002 1.000000 0.000000 0.000000 -0.000000 -0.000000 1.000000 -0.000000 -0.000152 -92.554863 4.552500 1.000000
Name: mixamorig:Spine
Index: 1
ParentIndex: 41
ChildCount: 1
42 
1.000000 0.000000 -0.000000 0.000000 0.000000 1.000000 -0.000000 0.000000 -0.000000 -0.000000 1.000000 -0.000000 0.000000 0.000000 -0.000000 1.000000
0.999999 -0.001449 -0.000213 0.000000 0.001452 0.999847 0.017413 0.000000 0.000187 -0.017414 0.999848 -0.000000 -0.148966 -103.403900 3.996007 1.000000
Name: mixamorig:Spine1
Index: 2
ParentIndex: 44
ChildCount: 1
45 
1.000000 0.000000 -0.000000 0.000000 0.000000 1.000000 -0.000000 0.000000 -0.000000 -0.000000 1.000000 -0.000000 0.000000 0.000000 -0.000000 1.000000
0.999999 -0.001661 -0.000096 0.000000 0.001650 0.997517 -0.070403 0.000000 0.000213 0.070403 0.997519 -0.000000 -0.171860 -115.667091 14.202097 1.000000
Name: mixamorig:Spine2
Index: 3
ParentIndex: 47
ChildCount: 3
4 48 57 
1.000000 0.000000 -0.000000 0.000000 0.000000 1.000000 -0.000000 0.000000 -0.000000 -0.000000 1.000000 -0.000000 0.000000 0.000000 -0.000000 1.000000
1.000000 0.000000 0.000000 0.000000 -0.000000 1.000000 -0.000000 0.000000 -0.000000 -0.000000 1.000000 -0.000000 0.040557 -129.368286 5.106811 1.000000
Name: mixamorig:Neck
Index: 4
ParentIndex: 3
ChildCount: 1
5 
1.000000 0.000000 -0.000000 0.000000 0.000000 1.000000 -0.000000 0.000000 -0.000000 -0.000000 1.000000 -0.000000 -0.011927 24.670654 -2.028101 1.000000
1.000000 0.000000 0.000000 0.000000 -0.000000 1.000000 -0.000000 0.000000 -0.000000 -0.000000 1.000000 -0.000000 0.052484 -154.038940 7.134912 1.000000
Name: mixamorig:Head
Index: 5
ParentIndex: 4
ChildCount: 1
6 
1.000000 0.000000 -0.000000 0.000000 0.000000 1.000000 -0.000000 0.000000 -0.000000 -0.000000 1.000000 -0.000000 -0.000000 8.817322 -6.102616 1.000000
1.000000 0.000000 0.000000 0.000000 -0.000000 1.000000 -0.000000 0.000000 -0.000000 -0.000000 1.000000 -0.000000 0.052484 -162.856262 13.237528 1.000000
Name: mixamorig:HeadTop_End
Index: 6
ParentIndex: 5
ChildCount: 0
1.000000 0.000000 -0.000000 0.000000 0.000000 1.000000 -0.000000 0.000000 -0.000000 -0.000000 1.000000 -0.000000 0.000000 20.493942 0.282504 1.000000
1.000000 0.000000 0.000000 0.000000 -0.000000 1.000000 -0.000000 0.000000 -0.000000 -0.000000 1.000000 -0.000000 0.052484 -183.350204 12.955024 1.000000
Name: mixamorig:LeftShoulder
Index: 7
ParentIndex: 50
ChildCount: 1
51 
1.000000 0.000000 -0.000000 0.000000 0.000000 1.000000 -0.000000 0.000000 -0.000000 -0.000000 1.000000 -0.000000 0.000000 0.000000 -0.000000 1.000000
-0.051512 0.992098 -0.114404 0.000000 0.000000 0.114556 0.993417 0.000000 0.998672 0.051173 -0.005901 -0.000000 0.369174 -26.104294 -143.387238 1.000000
Name: mixamorig:LeftArm
Index: 8
ParentIndex: 53
ChildCount: 1
54 
1.000000 0.000000 -0.000000 0.000000 0.000000 1.000000 -0.000000 0.000000 -0.000000 -0.000000 1.000000 -0.000000 0.000000 0.000000 -0.000000 1.000000
-0.055236 0.998473 0.000003 0.000000 0.000000 -0.000003 1.000000 0.000000 0.998473 0.055236 0.000000 -0.000000 0.471437 -27.421312 -147.499847 1.000000
Name: mixamorig:LeftForeArm
Index: 9
ParentIndex: 56
ChildCount: 1
10 
1.000000 0.000000 -0.000000 0.000000 0.000000 1.000000 -0.000000 0.000000 -0.000000 -0.000000 1.000000 -0.000000 0.000000 0.000000 -0.000000 1.000000
0.000001 1.000000 -0.000013 0.000000 0.000000 0.000013 1.000000 0.000000 1.000000 -0.000001 0.000000 -0.000000 -2.503051 -53.782703 -147.498947 1.000000
Name: mixamorig:LeftHand
Index: 10
ParentIndex: 9
ChildCount: 0
1.000000 0.000000 -0.000000 0.000000 0.000000 1.000000 -0.000000 0.000000 -0.000000 -0.000000 1.000000 -0.000000 -0.000000 26.753433 0.000000 1.000000
0.000001 1.000000 -0.000013 0.000000 0.000000 0.000013 1.000000 0.000000 1.000000 -0.000001 0.000000 -0.000000 -2.503051 -80.536133 -147.498947 1.000000
Name: mixamorig:RightShoulder
Index: 11
ParentIndex: 59
ChildCount: 1
60 
1.000000 0.000000 -0.000000 0.000000 0.000000 1.000000 -0.000000 0.000000 -0.000000 -0.000000 1.000000 -0.000000 0.000000 0.000000 -0.000000 1.000000
-0.051746 -0.992026 0.114925 0.000000 0.000000 0.115079 0.993356 0.000000 -0.998660 0.051402 -0.005955 -0.000000 -0.375598 -26.260231 -143.364151 1.000000
Name: mixamorig:RightArm
Index: 12
ParentIndex: 62
ChildCount: 1
63 
1.000000 0.000000 -0.000000 0.000000 0.000000 1.000000 -0.000000 0.000000 -0.000000 -0.000000 1.000000 -0.000000 0.000000 0.000000 -0.000000 1.000000
-0.055236 -0.998473 -0.000010 0.000000 0.000000 -0.000010 1.000000 0.000000 -0.998473 0.055236 0.000001 -0.000000 -0.471446 -27.420290 -147.500229 1.000000
Name: mixamorig:RightForeArm
Index: 13
ParentIndex: 65
ChildCount: 1
14 
1.000000 0.000000 -0.000000 0.000000 0.000000 1.000000 -0.000000 0.000000 -0.000000 -0.000000 1.000000 -0.000000 0.000000 0.000000 -0.000000 1.000000
0.000001 -1.000000 0.000013 0.000000 0.000000 0.000013 1.000000 0.000000 -1.000000 -0.000001 0.000000 -0.000000 2.503047 -53.782703 -147.498947 1.000000
Name: mixamorig:RightHand
Index: 14
ParentIndex: 13
ChildCount: 3
66 71 74 
1.000000 0.000000 -0.000000 0.000000 0.000000 1.000000 -0.000000 0.000000 -0.000000 -0.000000 1.000000 -0.000000 -0.000000 26.753433 0.000000 1.000000
0.000001 -1.000000 0.000013 0.000000 0.000000 0.000013 1.000000 0.000000 -1.000000 -0.000001 0.000000 -0.000000 2.503048 -80.536133 -147.498947 1.000000
Name: mixamorig:RightHandIndex1
Index: 15
ParentIndex: 67
ChildCount: 1
16 
1.000000 0.000000 -0.000000 0.000000 0.000000 1.000000 -0.000000 0.000000 -0.000000 -0.000000 1.000000 -0.000000 0.000000 0.000000 -0.000000 1.000000
0.000000 -1.000000 -0.000000 0.000000 0.000000 -0.000000 1.000000 0.000000 -1.000000 -0.000000 -0.000000 -0.000000 -6.151222 -98.981956 -148.979889 1.000000
Name: mixamorig:RightHandIndex2
Index: 16
ParentIndex: 15
ChildCount: 1
68 
1.000000 0.000000 -0.000000 0.000000 0.000000 1.000000 -0.000000 0.000000 -0.000000 -0.000000 1.000000 -0.000000 -0.000000 7.514381 -0.000000 1.000000
0.000000 -1.000000 -0.000000 0.000000 -0.000000 -0.000000 1.000000 0.000000 -1.000000 -0.000000 -0.000000 -0.000000 -6.151249 -106.496338 -148.979889 1.000000
Name: mixamorig:RightHandIndex3
Index: 17
ParentIndex: 70
ChildCount: 1
18 
1.000000 0.000000 -0.000000 0.000000 0.000000 1.000000 -0.000000 0.000000 -0.000000 -0.000000 1.000000 -0.000000 0.000000 0.000000 -0.000000 1.000000
0.030581 -0.995433 -0.090428 0.000000 0.000000 -0.090470 0.995899 0.000000 -0.999532 -0.030455 -0.002767 -0.000000 -2.662601 -100.174271 -158.693466 1.000000
Name: mixamorig:RightHandIndex4
Index: 18
ParentIndex: 17
ChildCount: 0
1.000000 0.000000 -0.000000 0.000000 0.000000 1.000000 -0.000000 0.000000 -0.000000 -0.000000 1.000000 -0.000000 -0.000000 6.769707 -0.000000 1.000000
0.030581 -0.995433 -0.090428 0.000000 0.000000 -0.090470 0.995899 0.000000 -0.999532 -0.030455 -0.002767 -0.000000 -2.662601 -106.943985 -158.693466 1.000000
Name: mixamorig:RightHandPinky1
Index: 19
ParentIndex: 73
ChildCount: 1
20 
1.000000 0.000000 -0.000000 0.000000 0.000000 1.000000 -0.000000 0.000000 -0.000000 -0.000000 1.000000 -0.000000 0.000000 0.000000 -0.000000 1.000000
-0.000000 -1.000000 0.000000 0.000000 1.000000 -0.000000 0.000001 0.000000 -0.000001 0.000000 1.000000 -0.000000 -147.022247 -98.041969 -12.506247 1.000000
Name: mixamorig:RightHandPinky2
Index: 20
ParentIndex: 19
ChildCount: 1
21 
1.000000 0.000000 -0.000000 0.000000 0.000000 1.000000 -0.000000 0.000000 -0.000000 -0.000000 1.000000 -0.000000 -0.000000 7.044220 -0.000000 1.000000
-0.000000 -1.000000 0.000000 0.000000 1.000000 -0.000000 0.000001 0.000000 -0.000001 0.000000 1.000000 -0.000000 -147.022247 -105.086189 -12.506247 1.000000
Name: mixamorig:RightHandPinky3
Index: 21
ParentIndex: 20
ChildCount: 1
22 
1.000000 0.000000 -0.000000 0.000000 0.000000 1.000000 -0.000000 0.000000 -0.000000 -0.000000 1.000000 -0.000000 -0.000000 7.078903 -0.000000 1.000000
-0.000000 -1.000000 0.000000 0.000000 1.000000 -0.000000 0.000001 0.000000 -0.000001 0.000000 1.000000 -0.000000 -147.022247 -112.165092 -12.506247 1.000000
Name: mixamorig:RightHandPinky4
Index: 22
ParentIndex: 21
ChildCount: 0
1.000000 0.000000 -0.000000 0.000000 0.000000 1.000000 -0.000000 0.000000 -0.000000 -0.000000 1.000000 -0.000000 -0.000000 7.092957 -0.000000 1.000000
-0.000000 -1.000000 0.000000 0.000000 1.000000 -0.000000 0.000001 0.000000 -0.000001 0.000000 1.000000 -0.000000 -147.022247 -119.258049 -12.506247 1.000000
Name: mixamorig:RightHandThumb1
Index: 23
ParentIndex: 76
ChildCount: 1
77 
1.000000 0.000000 -0.000000 0.000000 0.000000 1.000000 -0.000000 0.000000 -0.000000 -0.000000 1.000000 -0.000000 0.000000 0.000000 -0.000000 1.000000
0.688556 -0.630444 -0.358372 0.000000 0.094550 -0.411916 0.906303 0.000000 -0.718993 -0.657925 -0.224018 -0.000000 41.010803 4.174118 -160.224350 1.000000
Name: mixamorig:RightHandThumb2
Index: 24
ParentIndex: 79
ChildCount: 1
80 
1.000000 0.000000 -0.000000 0.000000 0.000000 1.000000 -0.000000 0.000000 -0.000000 -0.000000 1.000000 -0.000000 0.000000 0.000000 -0.000000 1.000000
0.525999 -0.798325 -0.293262 0.000000 -0.007397 -0.349099 0.937057 0.000000 -0.850453 -0.490722 -0.189531 -0.000000 39.198048 -28.296959 -158.291504 1.000000
Name: mixamorig:RightHandThumb3
Index: 25
ParentIndex: 82
ChildCount: 1
26 
1.000000 0.000000 -0.000000 0.000000 0.000000 1.000000 -0.000000 0.000000 -0.000000 -0.000000 1.000000 -0.000000 0.000000 0.000000 -0.000000 1.000000
0.411263 -0.888525 -0.203438 0.000000 -0.070250 -0.253418 0.964803 0.000000 -0.908806 -0.382496 -0.166641 -0.000000 35.810623 -56.889767 -153.061325 1.000000
Name: mixamorig:RightHandThumb4
Index: 26
ParentIndex: 25
ChildCount: 0
1.000000 0.000000 -0.000000 0.000000 0.000000 1.000000 -0.000000 0.000000 -0.000000 -0.000000 1.000000 -0.000000 0.000000 8.025274 -0.000000 1.000000
0.411263 -0.888525 -0.203438 0.000000 -0.070250 -0.253418 0.964803 0.000000 -0.908806 -0.382496 -0.166641 -0.000000 35.810623 -64.915039 -153.061356 1.000000
Name: mixamorig:LeftUpLeg
Index: 27
ParentIndex: 85
ChildCount: 1
86 
1.000000 0.000000 -0.000000 0.000000 0.000000 1.000000 -0.000000 0.000000 -0.000000 -0.000000 1.000000 -0.000000 0.000000 0.000000 -0.000000 1.000000
-1.000000 0.000001 0.000000 0.000000 -0.000001 -0.999151 -0.041209 0.000000 0.000000 -0.041209 0.999151 -0.000000 13.656038 85.154114 8.198251 1.000000
Name: mixamorig:LeftLeg
Index: 28
ParentIndex: 88
ChildCount: 1
89 
1.000000 0.000000 -0.000000 0.000000 0.000000 1.000000 -0.000000 0.000000 -0.000000 -0.000000 1.000000 -0.000000 0.000000 0.000000 -0.000000 1.000000
-1.000000 -0.000000 0.000000 0.000000 0.000000 -0.997037 0.076919 0.000000 0.000000 0.076919 0.997037 -0.000000 13.656001 49.827950 2.337828 1.000000
Name: mixamorig:LeftFoot
Index: 29
ParentIndex: 91
ChildCount: 1
92 
1.000000 0.000000 -0.000000 0.000000 0.000000 1.000000 -0.000000 0.000000 -0.000000 -0.000000 1.000000 -0.000000 0.000000 0.000000 -0.000000 1.000000
-1.000000 -0.000000 0.000002 0.000000 -0.000001 -0.713683 -0.700469 0.000000 0.000001 -0.700469 0.713683 -0.000000 13.656020 8.379575 13.152224 1.000000
Name: mixamorig:LeftToeBase
Index: 30
ParentIndex: 94
ChildCount: 1
31 
1.000000 0.000000 -0.000000 0.000000 0.000000 1.000000 -0.000000 0.000000 -0.000000 -0.000000 1.000000 -0.000000 0.000000 0.000000 -0.000000 1.000000
-1.000000 0.000000 0.000002 0.000000 -0.000002 0.000000 -1.000000 0.000000 -0.000000 -1.000000 -0.000000 -0.000000 13.656000 -18.428482 0.000204 1.000000
Name: mixamorig:LeftToe_End
Index: 31
ParentIndex: 30
ChildCount: 0
1.000000 0.000000 -0.000000 0.000000 0.000000 1.000000 -0.000000 0.000000 -0.000000 -0.000000 1.000000 -0.000000 -0.000000 16.883821 -0.000000 1.000000
-1.000000 0.000000 0.000002 0.000000 -0.000002 0.000000 -1.000000 0.000000 -0.000000 -1.000000 -0.000000 -0.000000 13.656000 -35.312305 0.000204 1.000000
Name: mixamorig:RightUpLeg
Index: 32
ParentIndex: 97
ChildCount: 1
98 
1.000000 0.000000 -0.000000 0.000000 0.000000 1.000000 -0.000000 0.000000 -0.000000 -0.000000 1.000000 -0.000000 0.000000 0.000000 -0.000000 1.000000
-1.000000 -0.000001 0.000000 0.000000 0.000001 -0.999151 -0.041209 0.000000 0.000000 -0.041209 0.999151 -0.000000 -13.656036 85.154114 8.198254 1.000000
Name: mixamorig:RightLeg
Index: 33
ParentIndex: 100
ChildCount: 1
101 
1.000000 0.000000 -0.000000 0.000000 0.000000 1.000000 -0.000000 0.000000 -0.000000 -0.000000 1.000000 -0.000000 0.000000 0.000000 -0.000000 1.000000
-1.000000 0.000000 0.000000 0.000000 -0.000000 -0.997037 0.076919 0.000000 0.000000 0.076919 0.997037 -0.000000 -13.656000 49.827950 2.337831 1.000000
Name: mixamorig:RightFoot
Index: 34
ParentIndex: 103
ChildCount: 1
104 
1.000000 0.000000 -0.000000 0.000000 0.000000 1.000000 -0.000000 0.000000 -0.000000 -0.000000 1.000000 -0.000000 0.000000 0.000000 -0.000000 1.000000
-1.000000 0.000000 0.000002 0.000000 -0.000001 -0.713683 -0.700469 0.000000 0.000001 -0.700469 0.713683 -0.000000 -13.655979 8.379575 13.152266 1.000000
Name: mixamorig:RightToeBase
Index: 35
ParentIndex: 106
ChildCount: 1
36 
1.000000 0.000000 -0.000000 0.000000 0.000000 1.000000 -0.000000 0.000000 -0.000000 -0.000000 1.000000 -0.000000 0.000000 0.000000 -0.000000 1.000000
-1.000000 -0.000000 0.000002 0.000000 -0.000002 -0.000000 -1.000000 0.000000 0.000000 -1.000000 0.000000 -0.000000 -13.655999 -18.428482 0.000249 1.000000
Name: mixamorig:RightToe_End
Index: 36
ParentIndex: 35
ChildCount: 0
1.000000 0.000000 -0.000000 0.000000 0.000000 1.000000 -0.000000 0.000000 -0.000000 -0.000000 1.000000 -0.000000 -0.000000 16.883821 0.000000 1.000000
-1.000000 -0.000000 0.000002 0.000000 -0.000002 -0.000000 -1.000000 0.000000 0.000000 -1.000000 0.000000 -0.000000 -13.655999 -35.312305 0.000249 1.000000
Name: RootNode
Index: 37
ParentIndex: -1
ChildCount: 2
38 0 
1.000000 0.000000 -0.000000 0.000000 0.000000 1.000000 -0.000000 0.000000 -0.000000 -0.000000 1.000000 -0.000000 0.000000 0.000000 -0.000000 1.000000
1.000000 0.000000 0.000000 0.000000 0.000000 1.000000 0.000000 0.000000 0.000000 0.000000 1.000000 0.000000 0.000000 0.000000 0.000000 1.000000
Name: MutantMesh
Index: 38
ParentIndex: 37
ChildCount: 0
1.000000 0.000000 -0.000000 0.000000 0.000000 1.000000 -0.000000 0.000000 -0.000000 -0.000000 1.000000 -0.000000 0.000000 0.000000 -0.000000 1.000000
1.000000 0.000000 0.000000 0.000000 0.000000 1.000000 0.000000 0.000000 0.000000 0.000000 1.000000 0.000000 0.000000 0.000000 0.000000 1.000000
Name: mixamorig:Spine_$AssimpFbx$_Translation
Index: 39
ParentIndex: 0
ChildCount: 1
40 
1.000000 0.000000 -0.000000 0.000000 0.000000 1.000000 -0.000000 0.000000 -0.000000 -0.000000 1.000000 -0.000000 0.000018 10.763863 -1.243516 1.000000
1.000000 0.000000 0.000000 0.000000 0.000000 1.000000 0.000000 0.000000 0.000000 0.000000 1.000000 0.000000 0.000000 0.000000 0.000000 1.000000
Name: mixamorig:Spine_$AssimpFbx$_PreRotation
Index: 40
ParentIndex: 39
ChildCount: 1
41 
0.999999 0.001451 0.000187 0.000000 -0.001447 0.999847 -0.017414 0.000000 -0.000213 0.017413 0.999848 -0.000000 0.000000 0.000000 -0.000000 1.000000
1.000000 0.000000 0.000000 0.000000 0.000000 1.000000 0.000000 0.000000 0.000000 0.000000 1.000000 0.000000 0.000000 0.000000 0.000000 1.000000
Name: mixamorig:Spine_$AssimpFbx$_Rotation
Index: 41
ParentIndex: 40
ChildCount: 1
1 
1.000000 0.000000 -0.000000 0.000000 0.000000 1.000000 -0.000000 0.000000 -0.000000 -0.000000 1.000000 -0.000000 0.000000 0.000000 -0.000000 1.000000
1.000000 0.000000 0.000000 0.000000 0.000000 1.000000 0.000000 0.000000 0.000000 0.000000 1.000000 0.000000 0.000000 0.000000 0.000000 1.000000
Name: mixamorig:Spine1_$AssimpFbx$_Translation
Index: 42
ParentIndex: 1
ChildCount: 1
43 
1.000000 0.000000 -0.000000 0.000000 0.000000 1.000000 -0.000000 0.000000 -0.000000 -0.000000 1.000000 -0.000000 0.000000 13.063334 0.000000 1.000000
1.000000 0.000000 0.000000 0.000000 0.000000 1.000000 0.000000 0.000000 0.000000 0.000000 1.000000 0.000000 0.000000 0.000000 0.000000 1.000000
Name: mixamorig:Spine1_$AssimpFbx$_PreRotation
Index: 43
ParentIndex: 42
ChildCount: 1
44 
1.000000 0.000198 0.000029 0.000000 -0.000199 0.996141 0.087763 0.000000 -0.000012 -0.087763 0.996141 -0.000000 0.000000 0.000000 -0.000000 1.000000
1.000000 0.000000 0.000000 0.000000 0.000000 1.000000 0.000000 0.000000 0.000000 0.000000 1.000000 0.000000 0.000000 0.000000 0.000000 1.000000
Name: mixamorig:Spine1_$AssimpFbx$_Rotation
Index: 44
ParentIndex: 43
ChildCount: 1
2 
1.000000 0.000000 -0.000000 0.000000 0.000000 1.000000 -0.000000 0.000000 -0.000000 -0.000000 1.000000 -0.000000 0.000000 0.000000 -0.000000 1.000000
1.000000 0.000000 0.000000 0.000000 0.000000 1.000000 0.000000 0.000000 0.000000 0.000000 1.000000 0.000000 0.000000 0.000000 0.000000 1.000000
Name: mixamorig:Spine2_$AssimpFbx$_Translation
Index: 45
ParentIndex: 2
ChildCount: 1
46 
1.000000 0.000000 -0.000000 0.000000 0.000000 1.000000 -0.000000 0.000000 -0.000000 -0.000000 1.000000 -0.000000 -0.000000 13.020547 0.000000 1.000000
1.000000 0.000000 0.000000 0.000000 0.000000 1.000000 0.000000 0.000000 0.000000 0.000000 1.000000 0.000000 0.000000 0.000000 0.000000 1.000000
Name: mixamorig:Spine2_$AssimpFbx$_PreRotation
Index: 46
ParentIndex: 45
ChildCount: 1
47 
0.999999 -0.001661 -0.000096 0.000000 0.001650 0.997517 -0.070403 0.000000 0.000213 0.070403 0.997519 -0.000000 0.000000 0.000000 -0.000000 1.000000
1.000000 0.000000 0.000000 0.000000 0.000000 1.000000 0.000000 0.000000 0.000000 0.000000 1.000000 0.000000 0.000000 0.000000 0.000000 1.000000
Name: mixamorig:Spine2_$AssimpFbx$_Rotation
Index: 47
ParentIndex: 46
ChildCount: 1
3 
1.000000 0.000000 -0.000000 0.000000 0.000000 1.000000 -0.000000 0.000000 -0.000000 -0.000000 1.000000 -0.000000 0.000000 0.000000 -0.000000 1.000000
1.000000 0.000000 0.000000 0.000000 0.000000 1.000000 0.000000 0.000000 0.000000 0.000000 1.000000 0.000000 0.000000 0.000000 0.000000 1.000000
Name: mixamorig:LeftShoulder_$AssimpFbx$_Translation
Index: 48
ParentIndex: 3
ChildCount: 1
49 
1.000000 0.000000 -0.000000 0.000000 0.000000 1.000000 -0.000000 0.000000 -0.000000 -0.000000 1.000000 -0.000000 9.553568 16.065384 5.227832 1.000000
1.000000 0.000000 0.000000 0.000000 0.000000 1.000000 0.000000 0.000000 0.000000 0.000000 1.000000 0.000000 0.000000 0.000000 0.000000 1.000000
Name: mixamorig:LeftShoulder_$AssimpFbx$_PreRotation
Index: 49
ParentIndex: 48
ChildCount: 1
50 
-0.051512 0.000000 0.998672 0.000000 0.992098 0.114556 0.051173 0.000000 -0.114404 0.993417 -0.005901 -0.000000 0.000000 0.000000 -0.000000 1.000000
1.000000 0.000000 0.000000 0.000000 0.000000 1.000000 0.000000 0.000000 0.000000 0.000000 1.000000 0.000000 0.000000 0.000000 0.000000 1.000000
Name: mixamorig:LeftShoulder_$AssimpFbx$_Rotation
Index: 50
ParentIndex: 49
ChildCount: 1
7 
1.000000 0.000000 -0.000000 0.000000 0.000000 1.000000 -0.000000 0.000000 -0.000000 -0.000000 1.000000 -0.000000 0.000000 0.000000 -0.000000 1.000000
1.000000 0.000000 0.000000 0.000000 0.000000 1.000000 0.000000 0.000000 0.000000 0.000000 1.000000 0.000000 0.000000 0.000000 0.000000 1.000000
Name: mixamorig:LeftArm_$AssimpFbx$_Translation
Index: 51
ParentIndex: 7
ChildCount: 1
52 
1.000000 0.000000 -0.000000 0.000000 0.000000 1.000000 -0.000000 0.000000 -0.000000 -0.000000 1.000000 -0.000000 -0.000000 18.035507 0.000000 1.000000
1.000000 0.000000 0.000000 0.000000 0.000000 1.000000 0.000000 0.000000 0.000000 0.000000 1.000000 0.000000 0.000000 0.000000 0.000000 1.000000
Name: mixamorig:LeftArm_$AssimpFbx$_PreRotation
Index: 52
ParentIndex: 51
ChildCount: 1
53 
0.999993 -0.003705 0.000427 0.000000 0.003729 0.993410 -0.114558 0.000000 -0.000000 0.114559 0.993416 -0.000000 0.000000 0.000000 -0.000000 1.000000
1.000000 0.000000 0.000000 0.000000 0.000000 1.000000 0.000000 0.000000 0.000000 0.000000 1.000000 0.000000 0.000000 0.000000 0.000000 1.000000
Name: mixamorig:LeftArm_$AssimpFbx$_Rotation
Index: 53
ParentIndex: 52
ChildCount: 1
8 
1.000000 0.000000 -0.000000 0.000000 0.000000 1.000000 -0.000000 0.000000 -0.000000 -0.000000 1.000000 -0.000000 0.000000 0.000000 -0.000000 1.000000
1.000000 0.000000 0.000000 0.000000 0.000000 1.000000 0.000000 0.000000 0.000000 0.000000 1.000000 0.000000 0.000000 0.000000 0.000000 1.000000
Name: mixamorig:LeftForeArm_$AssimpFbx$_Translation
Index: 54
ParentIndex: 8
ChildCount: 1
55 
1.000000 0.000000 -0.000000 0.000000 0.000000 1.000000 -0.000000 0.000000 -0.000000 -0.000000 1.000000 -0.000000 0.000000 26.415096 0.000000 1.000000
1.000000 0.000000 0.000000 0.000000 0.000000 1.000000 0.000000 0.000000 0.000000 0.000000 1.000000 0.000000 0.000000 0.000000 0.000000 1.000000
Name: mixamorig:LeftForeArm_$AssimpFbx$_PreRotation
Index: 55
ParentIndex: 54
ChildCount: 1
56 
0.998473 0.055237 0.000000 0.000000 -0.055237 0.998473 0.000017 0.000000 0.000001 -0.000017 1.000000 -0.000000 0.000000 0.000000 -0.000000 1.000000
1.000000 0.000000 0.000000 0.000000 0.000000 1.000000 0.000000 0.000000 0.000000 0.000000 1.000000 0.000000 0.000000 0.000000 0.000000 1.000000
Name: mixamorig:LeftForeArm_$AssimpFbx$_Rotation
Index: 56
ParentIndex: 55
ChildCount: 1
9 
1.000000 0.000000 -0.000000 0.000000 0.000000 1.000000 -0.000000 0.000000 -0.000000 -0.000000 1.000000 -0.000000 0.000000 0.000000 -0.000000 1.000000
1.000000 0.000000 0.000000 0.000000 0.000000 1.000000 0.000000 0.000000 0.000000 0.000000 1.000000 0.000000 0.000000 0.000000 0.000000 1.000000
Name: mixamorig:RightShoulder_$AssimpFbx$_Translation
Index: 57
ParentIndex: 3
ChildCount: 1
58 
1.000000 0.000000 -0.000000 0.000000 0.000000 1.000000 -0.000000 0.000000 -0.000000 -0.000000 1.000000 -0.000000 -9.553568 16.065384 5.227832 1.000000
1.000000 0.000000 0.000000 0.000000 0.000000 1.000000 0.000000 0.000000 0.000000 0.000000 1.000000 0.000000 0.000000 0.000000 0.000000 1.000000
Name: mixamorig:RightShoulder_$AssimpFbx$_PreRotation
Index: 58
ParentIndex: 57
ChildCount: 1
59 
-0.051746 0.000000 -0.998660 0.000000 -0.992025 0.115079 0.051402 0.000000 0.114925 0.993356 -0.005955 -0.000000 0.000000 0.000000 -0.000000 1.000000
1.000000 0.000000 0.000000 0.000000 0.000000 1.000000 0.000000 0.000000 0.000000 0.000000 1.000000 0.000000 0.000000 0.000000 0.000000 1.000000
Name: mixamorig:RightShoulder_$AssimpFbx$_Rotation
Index: 59
ParentIndex: 58
ChildCount: 1
11 
1.000000 0.000000 -0.000000 0.000000 0.000000 1.000000 -0.000000 0.000000 -0.000000 -0.000000 1.000000 -0.000000 0.000000 0.000000 -0.000000 1.000000
1.000000 0.000000 0.000000 0.000000 0.000000 1.000000 0.000000 0.000000 0.000000 0.000000 1.000000 0.000000 0.000000 0.000000 0.000000 1.000000
Name: mixamorig:RightArm_$AssimpFbx$_Translation
Index: 60
ParentIndex: 11
ChildCount: 1
61 
1.000000 0.000000 -0.000000 0.000000 0.000000 1.000000 -0.000000 0.000000 -0.000000 -0.000000 1.000000 -0.000000 0.000000 17.955057 -0.000000 1.000000
1.000000 0.000000 0.000000 0.000000 0.000000 1.000000 0.000000 0.000000 0.000000 0.000000 1.000000 0.000000 0.000000 0.000000 0.000000 1.000000
Name: mixamorig:RightArm_$AssimpFbx$_PreRotation
Index: 61
ParentIndex: 60
ChildCount: 1
62 
0.999994 0.003472 -0.000402 0.000000 -0.003495 0.993349 -0.115089 0.000000 -0.000000 0.115090 0.993355 -0.000000 0.000000 0.000000 -0.000000 1.000000
1.000000 0.000000 0.000000 0.000000 0.000000 1.000000 0.000000 0.000000 0.000000 0.000000 1.000000 0.000000 0.000000 0.000000 0.000000 1.000000
Name: mixamorig:RightArm_$AssimpFbx$_Rotation
Index: 62
ParentIndex: 61
ChildCount: 1
12 
1.000000 0.000000 -0.000000 0.000000 0.000000 1.000000 -0.000000 0.000000 -0.000000 -0.000000 1.000000 -0.000000 0.000000 0.000000 -0.000000 1.000000
1.000000 0.000000 0.000000 0.000000 0.000000 1.000000 0.000000 0.000000 0.000000 0.000000 1.000000 0.000000 0.000000 0.000000 0.000000 1.000000
Name: mixamorig:RightForeArm_$AssimpFbx$_Translation
Index: 63
ParentIndex: 12
ChildCount: 1
64 
1.000000 0.000000 -0.000000 0.000000 0.000000 1.000000 -0.000000 0.000000 -0.000000 -0.000000 1.000000 -0.000000 0.000000 26.415096 -0.000000 1.000000
1.000000 0.000000 0.000000 0.000000 0.000000 1.000000 0.000000 0.000000 0.000000 0.000000 1.000000 0.000000 0.000000 0.000000 0.000000 1.000000
Name: mixamorig:RightForeArm_$AssimpFbx$_PreRotation
Index: 64
ParentIndex: 63
ChildCount: 1
65 
0.998473 -0.055237 -0.000001 0.000000 0.055237 0.998473 0.000023 0.000000 -0.000001 -0.000023 1.000000 -0.000000 0.000000 0.000000 -0.000000 1.000000
1.000000 0.000000 0.000000 0.000000 0.000000 1.000000 0.000000 0.000000 0.000000 0.000000 1.000000 0.000000 0.000000 0.000000 0.000000 1.000000
Name: mixamorig:RightForeArm_$AssimpFbx$_Rotation
Index: 65
ParentIndex: 64
ChildCount: 1
13 
1.000000 0.000000 -0.000000 0.000000 0.000000 1.000000 -0.000000 0.000000 -0.000000 -0.000000 1.000000 -0.000000 0.000000 0.000000 -0.000000 1.000000
1.000000 0.000000 0.000000 0.000000 0.000000 1.000000 0.000000 0.000000 0.000000 0.000000 1.000000 0.000000 0.000000 0.000000 0.000000 1.000000
Name: mixamorig:RightHandIndex1_$AssimpFbx$_Translation
Index: 66
ParentIndex: 14
ChildCount: 1
67 
1.000000 0.000000 -0.000000 0.000000 0.000000 1.000000 -0.000000 0.000000 -0.000000 -0.000000 1.000000 -0.000000 8.654238 18.447779 1.479647 1.000000
1.000000 0.000000 0.000000 0.000000 0.000000 1.000000 0.000000 0.000000 0.000000 0.000000 1.000000 0.000000 0.000000 0.000000 0.000000 1.000000
Name: mixamorig:RightHandIndex1_$AssimpFbx$_PreRotation
Index: 67
ParentIndex: 66
ChildCount: 1
15 
1.000000 0.000001 0.000000 0.000000 -0.000001 1.000000 -0.000013 0.000000 -0.000000 0.000013 1.000000 -0.000000 0.000000 0.000000 -0.000000 1.000000
1.000000 0.000000 0.000000 0.000000 0.000000 1.000000 0.000000 0.000000 0.000000 0.000000 1.000000 0.000000 0.000000 0.000000 0.000000 1.000000
Name: mixamorig:RightHandIndex3_$AssimpFbx$_Translation
Index: 68
ParentIndex: 16
ChildCount: 1
69 
1.000000 0.000000 -0.000000 0.000000 0.000000 1.000000 -0.000000 0.000000 -0.000000 -0.000000 1.000000 -0.000000 -0.000000 7.489388 -0.000000 1.000000
1.000000 0.000000 0.000000 0.000000 0.000000 1.000000 0.000000 0.000000 0.000000 0.000000 1.000000 0.000000 0.000000 0.000000 0.000000 1.000000
Name: mixamorig:RightHandIndex3_$AssimpFbx$_PreRotation
Index: 69
ParentIndex: 68
ChildCount: 1
70 
0.999532 -0.030581 -0.000000 0.000000 0.030455 0.995433 -0.090470 0.000000 0.002767 0.090428 0.995899 -0.000000 0.000000 0.000000 -0.000000 1.000000
1.000000 0.000000 0.000000 0.000000 0.000000 1.000000 0.000000 0.000000 0.000000 0.000000 1.000000 0.000000 0.000000 0.000000 0.000000 1.000000
Name: mixamorig:RightHandIndex3_$AssimpFbx$_Rotation
Index: 70
ParentIndex: 69
ChildCount: 1
17 
1.000000 0.000000 -0.000000 0.000000 0.000000 1.000000 -0.000000 0.000000 -0.000000 -0.000000 1.000000 -0.000000 0.000000 0.000000 -0.000000 1.000000
1.000000 0.000000 0.000000 0.000000 0.000000 1.000000 0.000000 0.000000 0.000000 0.000000 1.000000 0.000000 0.000000 0.000000 0.000000 1.000000
Name: mixamorig:RightHandPinky1_$AssimpFbx$_Translation
Index: 71
ParentIndex: 14
ChildCount: 1
72 
1.000000 0.000000 -0.000000 0.000000 0.000000 1.000000 -0.000000 0.000000 -0.000000 -0.000000 1.000000 -0.000000 -10.003090 17.507755 -0.477967 1.000000
1.000000 0.000000 0.000000 0.000000 0.000000 1.000000 0.000000 0.000000 0.000000 0.000000 1.000000 0.000000 0.000000 0.000000 0.000000 1.000000
Name: mixamorig:RightHandPinky1_$AssimpFbx$_PreRotation
Index: 72
ParentIndex: 71
ChildCount: 1
73 
0.000001 0.000013 1.000000 0.000000 -0.000001 1.000000 -0.000013 0.000000 -1.000000 -0.000001 0.000001 -0.000000 0.000000 0.000000 -0.000000 1.000000
1.000000 0.000000 0.000000 0.000000 0.000000 1.000000 0.000000 0.000000 0.000000 0.000000 1.000000 0.000000 0.000000 0.000000 0.000000 1.000000
Name: mixamorig:RightHandPinky1_$AssimpFbx$_Rotation
Index: 73
ParentIndex: 72
ChildCount: 1
19 
1.000000 0.000000 -0.000000 0.000000 0.000000 1.000000 -0.000000 0.000000 -0.000000 -0.000000 1.000000 -0.000000 0.000000 0.000000 -0.000000 1.000000
1.000000 0.000000 0.000000 0.000000 0.000000 1.000000 0.000000 0.000000 0.000000 0.000000 1.000000 0.000000 0.000000 0.000000 0.000000 1.000000
Name: mixamorig:RightHandThumb1_$AssimpFbx$_Translation
Index: 74
ParentIndex: 14
ChildCount: 1
75 
1.000000 0.000000 -0.000000 0.000000 0.000000 1.000000 -0.000000 0.000000 -0.000000 -0.000000 1.000000 -0.000000 6.163475 2.492293 -4.446383 1.000000
1.000000 0.000000 0.000000 0.000000 0.000000 1.000000 0.000000 0.000000 0.000000 0.000000 1.000000 0.000000 0.000000 0.000000 0.000000 1.000000
Name: mixamorig:RightHandThumb1_$AssimpFbx$_PreRotation
Index: 75
ParentIndex: 74
ChildCount: 1
76 
0.718993 -0.688555 0.094559 0.000000 0.657925 0.630439 -0.411924 0.000000 0.224018 0.358384 0.906299 -0.000000 0.000000 0.000000 -0.000000 1.000000
1.000000 0.000000 0.000000 0.000000 0.000000 1.000000 0.000000 0.000000 0.000000 0.000000 1.000000 0.000000 0.000000 0.000000 0.000000 1.000000
Name: mixamorig:RightHandThumb1_$AssimpFbx$_Rotation
Index: 76
ParentIndex: 75
ChildCount: 1
23 
1.000000 0.000000 -0.000000 0.000000 0.000000 1.000000 -0.000000 0.000000 -0.000000 -0.000000 1.000000 -0.000000 0.000000 0.000000 -0.000000 1.000000
1.000000 0.000000 0.000000 0.000000 0.000000 1.000000 0.000000 0.000000 0.000000 0.000000 1.000000 0.000000 0.000000 0.000000 0.000000 1.000000
Name: mixamorig:RightHandThumb2_$AssimpFbx$_Translation
Index: 77
ParentIndex: 23
ChildCount: 1
78 
1.000000 0.000000 -0.000000 0.000000 0.000000 1.000000 -0.000000 0.000000 -0.000000 -0.000000 1.000000 -0.000000 0.000000 10.473003 -0.000000 1.000000
1.000000 0.000000 0.000000 0.000000 0.000000 1.000000 0.000000 0.000000 0.000000 0.000000 1.000000 0.000000 0.000000 0.000000 0.000000 1.000000
Name: mixamorig:RightHandThumb2_$AssimpFbx$_PreRotation
Index: 78
ParentIndex: 77
ChildCount: 1
79 
0.972950 0.230968 -0.004690 0.000000 -0.229873 0.969957 0.079638 0.000000 0.022943 -0.076406 0.996813 -0.000000 0.000000 0.000000 -0.000000 1.000000
1.000000 0.000000 0.000000 0.000000 0.000000 1.000000 0.000000 0.000000 0.000000 0.000000 1.000000 0.000000 0.000000 0.000000 0.000000 1.000000
Name: mixamorig:RightHandThumb2_$AssimpFbx$_Rotation
Index: 79
ParentIndex: 78
ChildCount: 1
24 
1.000000 0.000000 -0.000000 0.000000 0.000000 1.000000 -0.000000 0.000000 -0.000000 -0.000000 1.000000 -0.000000 0.000000 0.000000 -0.000000 1.000000
1.000000 0.000000 0.000000 0.000000 0.000000 1.000000 0.000000 0.000000 0.000000 0.000000 1.000000 0.000000 0.000000 0.000000 0.000000 1.000000
Name: mixamorig:RightHandThumb3_$AssimpFbx$_Translation
Index: 80
ParentIndex: 24
ChildCount: 1
81 
1.000000 0.000000 -0.000000 0.000000 0.000000 1.000000 -0.000000 0.000000 -0.000000 -0.000000 1.000000 -0.000000 0.000000 8.498756 -0.000000 1.000000
1.000000 0.000000 0.000000 0.000000 0.000000 1.000000 0.000000 0.000000 0.000000 0.000000 1.000000 0.000000 0.000000 0.000000 0.000000 1.000000
Name: mixamorig:RightHandThumb3_$AssimpFbx$_PreRotation
Index: 81
ParentIndex: 80
ChildCount: 1
82 
0.989740 0.142174 -0.014190 0.000000 -0.140194 0.985498 0.095598 0.000000 0.027576 -0.092628 0.995319 -0.000000 0.000000 0.000000 -0.000000 1.000000
1.000000 0.000000 0.000000 0.000000 0.000000 1.000000 0.000000 0.000000 0.000000 0.000000 1.000000 0.000000 0.000000 0.000000 0.000000 1.000000
Name: mixamorig:RightHandThumb3_$AssimpFbx$_Rotation
Index: 82
ParentIndex: 81
ChildCount: 1
25 
1.000000 0.000000 -0.000000 0.000000 0.000000 1.000000 -0.000000 0.000000 -0.000000 -0.000000 1.000000 -0.000000 0.000000 0.000000 -0.000000 1.000000
1.000000 0.000000 0.000000 0.000000 0.000000 1.000000 0.000000 0.000000 0.000000 0.000000 1.000000 0.000000 0.000000 0.000000 0.000000 1.000000
Name: mixamorig:LeftUpLeg_$AssimpFbx$_Translation
Index: 83
ParentIndex: 0
ChildCount: 1
84 
1.000000 0.000000 -0.000000 0.000000 0.000000 1.000000 -0.000000 0.000000 -0.000000 -0.000000 1.000000 -0.000000 13.655962 -7.135261 -0.129695 1.000000
1.000000 0.000000 0.000000 0.000000 0.000000 1.000000 0.000000 0.000000 0.000000 0.000000 1.000000 0.000000 0.000000 0.000000 0.000000 1.000000
Name: mixamorig:LeftUpLeg_$AssimpFbx$_PreRotation
Index: 84
ParentIndex: 83
ChildCount: 1
85 
-1.000000 0.000001 -0.000000 0.000000 -0.000001 -0.999151 -0.041209 0.000000 -0.000000 -0.041209 0.999151 -0.000000 0.000000 0.000000 -0.000000 1.000000
1.000000 0.000000 0.000000 0.000000 0.000000 1.000000 0.000000 0.000000 0.000000 0.000000 1.000000 0.000000 0.000000 0.000000 0.000000 1.000000
Name: mixamorig:LeftUpLeg_$AssimpFbx$_Rotation
Index: 85
ParentIndex: 84
ChildCount: 1
27 
1.000000 0.000000 -0.000000 0.000000 0.000000 1.000000 -0.000000 0.000000 -0.000000 -0.000000 1.000000 -0.000000 0.000000 0.000000 -0.000000 1.000000
1.000000 0.000000 0.000000 0.000000 0.000000 1.000000 0.000000 0.000000 0.000000 0.000000 1.000000 0.000000 0.000000 0.000000 0.000000 1.000000
Name: mixamorig:LeftLeg_$AssimpFbx$_Translation
Index: 86
ParentIndex: 27
ChildCount: 1
87 
1.000000 0.000000 -0.000000 0.000000 0.000000 1.000000 -0.000000 0.000000 -0.000000 -0.000000 1.000000 -0.000000 0.000000 35.949665 0.000000 1.000000
1.000000 0.000000 0.000000 0.000000 0.000000 1.000000 0.000000 0.000000 0.000000 0.000000 1.000000 0.000000 0.000000 0.000000 0.000000 1.000000
Name: mixamorig:LeftLeg_$AssimpFbx$_PreRotation
Index: 87
ParentIndex: 86
ChildCount: 1
88 
1.000000 -0.000001 -0.000000 0.000000 0.000001 0.993021 0.117941 0.000000 -0.000000 -0.117941 0.993021 -0.000000 0.000000 0.000000 -0.000000 1.000000
1.000000 0.000000 0.000000 0.000000 0.000000 1.000000 0.000000 0.000000 0.000000 0.000000 1.000000 0.000000 0.000000 0.000000 0.000000 1.000000
Name: mixamorig:LeftLeg_$AssimpFbx$_Rotation
Index: 88
ParentIndex: 87
ChildCount: 1
28 
1.000000 0.000000 -0.000000 0.000000 0.000000 1.000000 -0.000000 0.000000 -0.000000 -0.000000 1.000000 -0.000000 0.000000 0.000000 -0.000000 1.000000
1.000000 0.000000 0.000000 0.000000 0.000000 1.000000 0.000000 0.000000 0.000000 0.000000 1.000000 0.000000 0.000000 0.000000 0.000000 1.000000
Name: mixamorig:LeftFoot_$AssimpFbx$_Translation
Index: 89
ParentIndex: 28
ChildCount: 1
90 
1.000000 0.000000 -0.000000 0.000000 0.000000 1.000000 -0.000000 0.000000 -0.000000 -0.000000 1.000000 -0.000000 -0.000000 34.409340 0.000000 1.000000
1.000000 0.000000 0.000000 0.000000 0.000000 1.000000 0.000000 0.000000 0.000000 0.000000 1.000000 0.000000 0.000000 0.000000 0.000000 1.000000
Name: mixamorig:LeftFoot_$AssimpFbx$_PreRotation
Index: 90
ParentIndex: 89
ChildCount: 1
91 
1.000000 0.000001 0.000001 0.000000 -0.000000 0.657688 -0.753290 0.000000 -0.000001 0.753290 0.657688 -0.000000 0.000000 0.000000 -0.000000 1.000000
1.000000 0.000000 0.000000 0.000000 0.000000 1.000000 0.000000 0.000000 0.000000 0.000000 1.000000 0.000000 0.000000 0.000000 0.000000 1.000000
Name: mixamorig:LeftFoot_$AssimpFbx$_Rotation
Index: 91
ParentIndex: 90
ChildCount: 1
29 
1.000000 0.000000 -0.000000 0.000000 0.000000 1.000000 -0.000000 0.000000 -0.000000 -0.000000 1.000000 -0.000000 0.000000 0.000000 -0.000000 1.000000
1.000000 0.000000 0.000000 0.000000 0.000000 1.000000 0.000000 0.000000 0.000000 0.000000 1.000000 0.000000 0.000000 0.000000 0.000000 1.000000
Name: mixamorig:LeftToeBase_$AssimpFbx$_Translation
Index: 92
ParentIndex: 29
ChildCount: 1
93 
1.000000 0.000000 -0.000000 0.000000 0.000000 1.000000 -0.000000 0.000000 -0.000000 -0.000000 1.000000 -0.000000 0.000000 21.288000 0.000000 1.000000
1.000000 0.000000 0.000000 0.000000 0.000000 1.000000 0.000000 0.000000 0.000000 0.000000 1.000000 0.000000 0.000000 0.000000 0.000000 1.000000
Name: mixamorig:LeftToeBase_$AssimpFbx$_PreRotation
Index: 93
ParentIndex: 92
ChildCount: 1
94 
1.000000 0.000001 -0.000000 0.000000 -0.000001 0.700469 -0.713683 0.000000 -0.000001 0.713683 0.700469 -0.000000 0.000000 0.000000 -0.000000 1.000000
1.000000 0.000000 0.000000 0.000000 0.000000 1.000000 0.000000 0.000000 0.000000 0.000000 1.000000 0.000000 0.000000 0.000000 0.000000 1.000000
Name: mixamorig:LeftToeBase_$AssimpFbx$_Rotation
Index: 94
ParentIndex: 93
ChildCount: 1
30 
1.000000 0.000000 -0.000000 0.000000 0.000000 1.000000 -0.000000 0.000000 -0.000000 -0.000000 1.000000 -0.000000 0.000000 0.000000 -0.000000 1.000000
1.000000 0.000000 0.000000 0.000000 0.000000 1.000000 0.000000 0.000000 0.000000 0.000000 1.000000 0.000000 0.000000 0.000000 0.000000 1.000000
Name: mixamorig:RightUpLeg_$AssimpFbx$_Translation
Index: 95
ParentIndex: 0
ChildCount: 1
96 
1.000000 0.000000 -0.000000 0.000000 0.000000 1.000000 -0.000000 0.000000 -0.000000 -0.000000 1.000000 -0.000000 -13.655985 -7.135216 -0.129698 1.000000
1.000000 0.000000 0.000000 0.000000 0.000000 1.000000 0.000000 0.000000 0.000000 0.000000 1.000000 0.000000 0.000000 0.000000 0.000000 1.000000
Name: mixamorig:RightUpLeg_$AssimpFbx$_PreRotation
Index: 96
ParentIndex: 95
ChildCount: 1
97 
-1.000000 0.000003 -0.000000 0.000000 -0.000003 -0.999151 -0.041209 0.000000 -0.000000 -0.041209 0.999151 -0.000000 0.000000 0.000000 -0.000000 1.000000
1.000000 0.000000 0.000000 0.000000 0.000000 1.000000 0.000000 0.000000 0.000000 0.000000 1.000000 0.000000 0.000000 0.000000 0.000000 1.000000
Name: mixamorig:RightUpLeg_$AssimpFbx$_Rotation
Index: 97
ParentIndex: 96
ChildCount: 1
32 
1.000000 0.000000 -0.000000 0.000000 0.000000 1.000000 -0.000000 0.000000 -0.000000 -0.000000 1.000000 -0.000000 0.000000 0.000000 -0.000000 1.000000
1.000000 0.000000 0.000000 0.000000 0.000000 1.000000 0.000000 0.000000 0.000000 0.000000 1.000000 0.000000 0.000000 0.000000 0.000000 1.000000
Name: mixamorig:RightLeg_$AssimpFbx$_Translation
Index: 98
ParentIndex: 32
ChildCount: 1
99 
1.000000 0.000000 -0.000000 0.000000 0.000000 1.000000 -0.000000 0.000000 -0.000000 -0.000000 1.000000 -0.000000 0.000000 35.949665 0.000000 1.000000
1.000000 0.000000 0.000000 0.000000 0.000000 1.000000 0.000000 0.000000 0.000000 0.000000 1.000000 0.000000 0.000000 0.000000 0.000000 1.000000
Name: mixamorig:RightLeg_$AssimpFbx$_PreRotation
Index: 99
ParentIndex: 98
ChildCount: 1
100 
1.000000 0.000001 0.000000 0.000000 -0.000001 0.993021 0.117941 0.000000 0.000000 -0.117941 0.993021 -0.000000 0.000000 0.000000 -0.000000 1.000000
1.000000 0.000000 0.000000 0.000000 0.000000 1.000000 0.000000 0.000000 0.000000 0.000000 1.000000 0.000000 0.000000 0.000000 0.000000 1.000000
Name: mixamorig:RightLeg_$AssimpFbx$_Rotation
Index: 100
ParentIndex: 99
ChildCount: 1
33 
1.000000 0.000000 -0.000000 0.000000 0.000000 1.000000 -0.000000 0.000000 -0.000000 -0.000000 1.000000 -0.000000 0.000000 0.000000 -0.000000 1.000000
1.000000 0.000000 0.000000 0.000000 0.000000 1.000000 0.000000 0.000000 0.000000 0.000000 1.000000 0.000000 0.000000 0.000000 0.000000 1.000000
Name: mixamorig:RightFoot_$AssimpFbx$_Translation
Index: 101
ParentIndex: 33
ChildCount: 1
102 
1.000000 0.000000 -0.000000 0.000000 0.000000 1.000000 -0.000000 0.000000 -0.000000 -0.000000 1.000000 -0.000000 -0.000000 34.409340 0.000000 1.000000
1.000000 0.000000 0.000000 0.000000 0.000000 1.000000 0.000000 0.000000 0.000000 0.000000 1.000000 0.000000 0.000000 0.000000 0.000000 1.000000
Name: mixamorig:RightFoot_$AssimpFbx$_PreRotation
Index: 102
ParentIndex: 101
ChildCount: 1
103 
1.000000 0.000001 0.000001 0.000000 -0.000000 0.657688 -0.753290 0.000000 -0.000001 0.753290 0.657688 -0.000000 0.000000 0.000000 -0.000000 1.000000
1.000000 0.000000 0.000000 0.000000 0.000000 1.000000 0.000000 0.000000 0.000000 0.000000 1.000000 0.000000 0.000000 0.000000 0.000000 1.000000
Name: mixamorig:RightFoot_$AssimpFbx$_Rotation
Index: 103
ParentIndex: 102
ChildCount: 1
34 
1.000000 0.000000 -0.000000 0.000000 0.000000 1.000000 -0.000000 0.000000 -0.000000 -0.000000 1.000000 -0.000000 0.000000 0.000000 -0.000000 1.000000
1.000000 0.000000 0.000000 0.000000 0.000000 1.000000 0.000000 0.000000 0.000000 0.000000 1.000000 0.000000 0.000000 0.000000 0.000000 1.000000
Name: mixamorig:RightToeBase_$AssimpFbx$_Translation
Index: 104
ParentIndex: 34
ChildCount: 1
105 
