BoneCount: 27
Name: Bone
Index: 0
ParentIndex: 15
ChildCount: 4
1 3 19 5 
1.000000 0.000000 -0.000000 0.000000 0.000000 -0.000000 -1.000000 0.000000 -0.000000 1.000000 -0.000000 -0.000000 0.000000 0.000000 -0.000000 1.000000
10.000000 0.000000 -0.000000 0.000000 0.000000 6.666666 -0.000000 0.000000 -0.000000 -0.000000 10.000000 -0.000000 0.000000 -1.373333 -0.300000 1.000000
Name: LeftShoulder
Index: 1
ParentIndex: 0
ChildCount: 1
16 
0.000000 0.999948 -0.010178 0.000000 -1.000000 0.000000 -0.000000 0.000000 -0.000000 0.010178 0.999948 -0.000000 0.000000 1.000000 -0.000000 1.000000
0.000000 -9.999999 -0.000000 0.000000 6.666320 -0.000000 0.067851 0.000000 -0.101777 -0.000000 9.999481 -0.000000 -2.370157 0.000000 -0.324140 1.000000
Name: LeftArm
Index: 2
ParentIndex: 11
ChildCount: 0
100.000000 0.000000 -0.000000 0.000000 0.000000 100.000000 -0.000000 0.000000 -0.000000 -0.000000 100.000000 -0.000000 0.000000 0.000000 -0.000000 1.000000
-9.998886 -0.000000 0.149234 0.000000 -0.000000 -6.666666 -0.000001 0.000000 0.149234 -0.000002 9.998885 -0.000000 -1.004366 2.373333 -0.285043 1.000000
Name: Bone.007
Index: 3
ParentIndex: 0
ChildCount: 1
18 
0.406137 0.913812 0.000000 0.000000 -0.913812 0.406137 0.000000 0.000000 -0.000000 -0.000000 1.000000 -0.000000 0.014722 1.000000 -0.000000 1.000000
4.061374 -9.138120 -0.000000 0.000000 6.092080 2.707582 -0.000001 0.000000 0.000002 0.000001 10.000000 -0.000000 -2.174759 -0.950447 -0.300000 1.000000
Name: Head
Index: 4
ParentIndex: 11
ChildCount: 0
100.000000 0.000000 -0.000000 0.000000 0.000000 100.000000 -0.000000 0.000000 -0.000000 -0.000000 100.000000 -0.000000 0.000000 0.000000 -0.000000 1.000000
10.000000 0.000000 -0.000002 0.000000 -0.000000 6.666666 -0.000001 0.000000 0.000002 0.000002 10.000000 -0.000000 -0.000000 -2.373333 -0.299999 1.000000
Name: RightShoulder
Index: 5
ParentIndex: 0
ChildCount: 1
21 
-0.000000 -0.999559 0.029711 0.000000 1.000000 -0.000000 -0.000000 0.000000 0.000000 0.029711 0.999559 -0.000000 0.000000 1.000000 -0.000000 1.000000
0.000000 10.000000 -0.000000 0.000000 -6.663723 0.000000 0.198074 0.000000 0.297111 -0.000000 9.995585 -0.000000 2.363372 0.000000 -0.370382 1.000000
Name: RightArm
Index: 6
ParentIndex: 11
ChildCount: 0
100.000000 0.000000 -0.000000 0.000000 0.000000 100.000000 -0.000000 0.000000 -0.000000 -0.000000 100.000000 -0.000000 0.000000 0.000000 -0.000000 1.000000
-9.996742 0.000001 0.255239 0.000000 -0.000000 -6.666666 0.000000 0.000000 0.255239 -0.000000 9.996742 -0.000000 0.992017 2.373333 -0.325426 1.000000
Name: LeftPelvis
Index: 7
ParentIndex: 15
ChildCount: 1
23 
0.050029 0.996289 0.070040 0.000000 -0.813733 -0.000000 0.581238 0.000000 0.579081 -0.086072 0.810714 -0.000000 0.000000 0.000000 -0.000000 1.000000
0.500285 -8.137335 5.790812 0.000000 -0.466934 -3.874921 -5.404757 0.000000 9.962889 -0.000001 -0.860725 -0.000000 -0.202698 0.798234 1.139202 1.000000
Name: LeftLeg
Index: 8
ParentIndex: 11
ChildCount: 0
100.000000 0.000000 -0.000000 0.000000 0.000000 100.000000 -0.000000 0.000000 -0.000000 -0.000000 100.000000 -0.000000 -6.250000 -0.000003 -0.000000 1.000000
0.181418 0.000000 9.998356 0.000000 -0.000001 -6.666667 -0.000000 0.000000 9.998354 -0.000003 -0.181418 -0.000000 -0.293601 1.123333 0.355385 1.000000
Name: RightPelvis
Index: 9
ParentIndex: 15
ChildCount: 1
25 
-0.007911 -0.999907 0.011075 0.000000 0.813733 -0.000000 0.581238 0.000000 -0.581184 0.013610 0.813658 -0.000000 0.000000 0.000000 -0.000000 1.000000
-0.079106 8.137335 -5.811844 0.000000 -0.073831 -3.874921 -5.424387 0.000000 -9.999073 -0.000001 0.136097 -0.000000 0.315181 0.798234 1.113341 1.000000
Name: RightLeg
Index: 10
ParentIndex: 11
ChildCount: 0
100.000000 0.000000 -0.000000 0.000000 0.000000 100.000000 -0.000000 0.000000 -0.000000 -0.000000 100.000000 -0.000000 0.000000 0.000000 -0.000000 1.000000
-0.000004 -0.000000 -9.999999 0.000000 0.000001 -6.666667 -0.000000 0.000000 -9.999999 -0.000002 0.000004 -0.000000 0.300000 1.123333 0.350000 1.000000
Name: RootNode
Index: 11
ParentIndex: -1
ChildCount: 9
4 2 8 6 10 12 13 14 15 
1.000000 0.000000 -0.000000 0.000000 0.000000 1.000000 -0.000000 0.000000 -0.000000 -0.000000 1.000000 -0.000000 0.000000 0.000000 -0.000000 1.000000
1.000000 0.000000 0.000000 0.000000 0.000000 1.000000 0.000000 0.000000 0.000000 0.000000 1.000000 0.000000 0.000000 0.000000 0.000000 1.000000
Name: Body
Index: 12
ParentIndex: 11
ChildCount: 0
100.000000 0.000000 -0.000000 0.000000 0.000000 100.000000 -0.000000 0.000000 -0.000000 -0.000000 100.000000 -0.000000 0.000000 0.000000 -0.000000 1.000000
1.000000 0.000000 0.000000 0.000000 0.000000 1.000000 0.000000 0.000000 0.000000 0.000000 1.000000 0.000000 0.000000 0.000000 0.000000 1.000000
Name: Camera
Index: 13
ParentIndex: 11
ChildCount: 0
-65.155800 -44.527138 61.417068 0.000000 -32.401352 89.539581 30.542082 0.000000 -68.592087 -0.000021 -72.767609 -0.000000 735.889160 495.830933 -692.579102 1.000000
1.000000 0.000000 0.000000 0.000000 0.000000 1.000000 0.000000 0.000000 0.000000 0.000000 1.000000 0.000000 0.000000 0.000000 0.000000 1.000000
Name: Light
Index: 14
ParentIndex: 11
ChildCount: 0
-29.086468 -5.518904 95.517120 0.000000 56.639313 79.467239 21.839115 0.000000 -77.110100 60.452469 -19.988338 -0.000000 407.624542 590.386230 100.545395 1.000000
1.000000 0.000000 0.000000 0.000000 0.000000 1.000000 0.000000 0.000000 0.000000 0.000000 1.000000 0.000000 0.000000 0.000000 0.000000 1.000000
Name: Armature
Index: 15
ParentIndex: 11
ChildCount: 3
0 7 9 
10.000000 0.000000 -0.000000 0.000000 0.000000 -0.000002 10.000000 0.000000 -0.000000 -15.000001 -0.000002 -0.000000 0.000000 20.600000 3.000000 1.000000
1.000000 0.000000 0.000000 0.000000 0.000000 1.000000 0.000000 0.000000 0.000000 0.000000 1.000000 0.000000 0.000000 0.000000 0.000000 1.000000
Name: LeftArm001
Index: 16
ParentIndex: 1
ChildCount: 1
17 
-0.000152 0.999889 0.014923 0.000000 -0.999948 -0.000000 -0.010178 0.000000 -0.010177 -0.014923 0.999837 -0.000000 0.000000 1.000000 -0.000000 1.000000
1.000000 0.000000 0.000000 0.000000 0.000000 1.000000 0.000000 0.000000 0.000000 0.000000 1.000000 0.000000 0.000000 0.000000 0.000000 1.000000
Name: LeftArm_end
Index: 17
ParentIndex: 16
ChildCount: 0
1.000000 0.000000 -0.000000 0.000000 0.000000 1.000000 -0.000000 0.000000 -0.000000 -0.000000 1.000000 -0.000000 0.000000 1.000000 -0.000000 1.000000
1.000000 0.000000 0.000000 0.000000 0.000000 1.000000 0.000000 0.000000 0.000000 0.000000 1.000000 0.000000 0.000000 0.000000 0.000000 1.000000
Name: Bone.007_end
Index: 18
ParentIndex: 3
ChildCount: 0
1.000000 0.000000 -0.000000 0.000000 0.000000 1.000000 -0.000000 0.000000 -0.000000 -0.000000 1.000000 -0.000000 0.000000 0.028998 -0.000000 1.000000
1.000000 0.000000 0.000000 0.000000 0.000000 1.000000 0.000000 0.000000 0.000000 0.000000 1.000000 0.000000 0.000000 0.000000 0.000000 1.000000
Name: Head001
Index: 19
ParentIndex: 0
ChildCount: 1
20 
1.000000 0.000000 -0.000000 0.000000 0.000000 1.000000 -0.000000 0.000000 -0.000000 -0.000000 1.000000 -0.000000 0.000000 1.000000 -0.000000 1.000000
1.000000 0.000000 0.000000 0.000000 0.000000 1.000000 0.000000 0.000000 0.000000 0.000000 1.000000 0.000000 0.000000 0.000000 0.000000 1.000000
Name: Head_end
Index: 20
ParentIndex: 19
ChildCount: 0
1.000000 0.000000 -0.000000 0.000000 0.000000 1.000000 -0.000000 0.000000 -0.000000 -0.000000 1.000000 -0.000000 0.000000 0.500000 -0.000000 1.000000
1.000000 0.000000 0.000000 0.000000 0.000000 1.000000 0.000000 0.000000 0.000000 0.000000 1.000000 0.000000 0.000000 0.000000 0.000000 1.000000
Name: RightArm001
Index: 21
ParentIndex: 5
ChildCount: 1
22 
0.000758 -0.999674 0.025513 0.000000 0.999559 0.000000 -0.029711 0.000000 0.029701 0.025524 0.999233 -0.000000 0.000000 1.000000 -0.000000 1.000000
1.000000 0.000000 0.000000 0.000000 0.000000 1.000000 0.000000 0.000000 0.000000 0.000000 1.000000 0.000000 0.000000 0.000000 0.000000 1.000000
Name: RightArm_end
Index: 22
ParentIndex: 21
ChildCount: 0
1.000000 0.000000 -0.000000 0.000000 0.000000 1.000000 -0.000000 0.000000 -0.000000 -0.000000 1.000000 -0.000000 0.000000 1.000000 -0.000000 1.000000
1.000000 0.000000 0.000000 0.000000 0.000000 1.000000 0.000000 0.000000 0.000000 0.000000 1.000000 0.000000 0.000000 0.000000 0.000000 1.000000
Name: LeftLeg001
Index: 23
ParentIndex: 7
ChildCount: 1
24 
0.997033 -0.014763 -0.075553 0.000000 0.070040 0.581238 0.810714 0.000000 0.031946 -0.813600 0.580547 -0.000000 -0.000000 0.430116 0.000000 1.000000
1.000000 0.000000 0.000000 0.000000 0.000000 1.000000 0.000000 0.000000 0.000000 0.000000 1.000000 0.000000 0.000000 0.000000 0.000000 1.000000
Name: LeftLeg_end
Index: 24
ParentIndex: 23
ChildCount: 0
1.000000 0.000000 -0.000000 0.000000 0.000000 1.000000 -0.000000 0.000000 -0.000000 -0.000000 1.000000 -0.000000 0.000000 1.000000 -0.000000 1.000000
1.000000 0.000000 0.000000 0.000000 0.000000 1.000000 0.000000 0.000000 0.000000 0.000000 1.000000 0.000000 0.000000 0.000000 0.000000 1.000000
Name: RightLeg001
Index: 25
ParentIndex: 9
ChildCount: 1
26
0.999907 -0.000000 -0.013610 0.000000 0.011075 0.581238 0.813658 0.000000 0.007910 -0.813733 0.581184 -0.000000 0.000000 0.430116 -0.000000 1.000000
1.000000 0.000000 0.000000 0.000000 0.000000 1.000000 0.000000 0.000000 0.000000 0.000000 1.000000 0.000000 0.000000 0.000000 0.000000 1.000000
Name: RightLeg_end
Index: 26
ParentIndex: 25
ChildCount: 0
1.000000 0.000000 -0.000000 0.000000 0.000000 1.000000 -0.000000 0.000000 -0.000000 -0.000000 1.000000 -0.000000 0.000000 1.000000 -0.000000 1.000000
1.000000 0.000000 0.000000 0.000000 0.000000 1.000000 0.000000 0.000000 0.000000 0.000000 1.000000 0.000000 0.000000 0.000000 0.000000 1.000000